0.762000003
0.8096
0.835600002
0.8488
0.862399999
0.8666
0.8728
0.890799995
0.888199997
0.885199998
0.894399997
0.891
0.895599997
0.895799996
0.900999995
0.895399997
0.899399996
0.900999995
0.895799996
0.898599996
0.906399996
0.909399995
0.904399993
0.905799996
0.903199995
0.910599994
0.903199995
0.909999996
0.909399996
0.908999994
0.913599994
0.911999994
0.911199994
0.912999994
0.915399993
0.908599994
0.910399994
0.915199994
0.912399995
0.910599994
0.922599994
0.914199994
0.918999995
0.908599993
0.915199995
0.908799996
0.917599995
0.916999991
0.914399993
0.922199993
0.924599992
0.915399995
0.917199992
0.916999993
0.919399995
0.920799993
0.923799992
0.919399993
0.918599994
0.920199993
0.917599994
0.916399993
0.917799994
0.917799994
0.920199995
0.916799994
0.921399995
0.920999993
0.919799995
0.924999993
0.917399993
0.921999993
0.921599993
0.925999993
0.924199996
0.924799993
0.924199995
0.923999994
0.919799995
0.925799994
0.923799992
0.923399992
0.925599994
0.920599993
0.927199992
0.922799993
0.920199994
0.929999992
0.927599991
0.921999992
0.922799997
0.922799993
0.924599994
0.929199993
0.927199991
0.927199991
0.929999993
0.922599993
0.924799994
0.927799992
0.922599992
0.930999992
0.927199992
0.923799993
0.926599993
0.926799993
0.923399994
0.919999994
0.922999993
0.925799993
0.930999993
0.926799993
0.925999993
0.928199994
0.926199993
0.929599992
0.930199994
0.930399993
0.927999993
0.928999993
0.938799993
0.928599993
0.929999992
0.931199993
0.928599992
0.931399992
0.927799993
0.930999992
0.928599992
0.932399993
0.929399993
0.934399993
0.935799993
0.931199994
0.927399992
0.933399992
0.931399994
0.932399992
0.929399992
0.933599992
0.934599993
0.933799993
0.932999992
0.936199993
0.930999994
0.933199993
0.930199994
0.936399993
0.932199992
0.930799993
0.934599993
0.930999992
0.932799992
0.933799992
0.932399992
0.935199994
0.938399994
0.933799993
0.931599993
0.935599992
0.941799993
0.939799994
0.934999993
0.934999992
0.936199992
0.937199992
0.940399992
0.939199992
0.936999992
0.938399993
0.938199991
0.936799993
0.936399993
0.939399994
0.943199993
0.936999993
0.939599993
0.940599993
0.939799993
0.939599993
0.939199994
0.938399994
0.938999994
0.940399993
0.937199993
0.942799993
0.940399994
0.937199993
0.940599992
0.939799994
0.943799993
0.944999993
0.936599992
0.944199992
0.941999994
0.943599992
0.942999992
0.939999993
0.939999993
0.939799993
0.940799994
0.943799994
0.945799992
0.947199992
0.945399992
0.947199991
0.941999993
0.947199992
0.945599992
0.945599993
0.942799993
0.944999993
0.943999994
0.944399992
0.939399992
0.949199993
0.945999992
0.946799994
0.945999993
0.950599993
0.943399993
0.947999992
0.944599993
0.941399992
0.943999993
0.947799993
0.947199993
0.949799993
0.944599992
0.946999991
0.943999994
0.949599993
0.947599992
0.946599994
0.950599991
0.947399993
0.946999993
0.946999993
0.948999993
0.950999992
0.946599994
0.942599992
0.952399993
0.952799992
0.952799993
0.948399993
0.945199993
0.949999994
0.952199992
0.948399992
0.951399993
0.950599992
0.953999992
0.953399993
0.949599992
0.951199993
0.953399993
0.950599992
0.954199992
0.954199991
0.950999991
0.949999993
0.954199992
0.951199993
0.952799993
0.948599992
0.948399991
0.951599993
0.953399994
0.951199993
0.952399992
0.953999992
0.949599992
0.952199992
0.950799992
0.952399992
0.950799992
0.952599992
0.949799992
0.954199994
0.957999993
0.954399993
0.953999993
0.951599992
0.952999993
0.956799993
0.948799993
0.957599994
0.953399992
0.952199993
0.954399992
0.956399992
0.956599995
0.956999993
0.959799993
0.952599993
0.953599994
0.953599993
0.954999993
0.956399993
0.951999993
0.955199993
0.953799993
0.953399993
0.950799992
0.955799994
0.953799993
0.955799994
0.954999992
0.955799993
0.950599993
0.957599993
0.956599993
0.957799993
0.955799993
0.958599993
0.958199992
0.955199994
0.954399992
0.957999993
0.955999993
0.955399991
0.952399992
0.959799992
0.956799992
0.954999995
0.957999992
0.960199994
0.955399992
0.953199995
0.960599993
0.957999994
0.959199993
0.959799993
0.956799991
0.959399993
0.958599993
0.957199993
0.957799992
0.958999993
0.956999992
0.958399993
0.957199993
0.957599993
0.960199993
0.957799994
0.955199992
0.957599993
0.959399993
0.959599992
0.962599993
0.956399992
0.962199993
0.954399993
0.957199993
0.959399992
0.960799993
0.955599993
0.961199992
0.959399993
0.959199993
0.953199992
0.957399992
0.962399993
0.956799994
0.962199992
0.960399993
0.960599992
0.956799993
0.959399994
0.960599992
0.959399994
0.956199993
0.958999993
0.956599992
0.958999994
0.962599993
0.953999993
0.954199992
0.962599993
0.961799994
0.958599993
0.960199994
0.961999992
0.960999994
0.960599994
0.961199993
0.960199993
0.961999993
0.961999994
0.961399993
0.960399993
0.962599993
0.959999993
0.962999993
0.959999993
0.962199993
0.956399993
0.962399994
0.959999993
0.962999994
0.963799993
0.957999993
0.957599992
0.960999993
0.961399994
0.964399993
0.964599992
0.962999993
0.961399994
0.960399993
0.960599994
0.960799993
0.962199992
0.963799993
0.963599993
0.962799994
0.961999993
0.964399993
0.961999993
0.961599993
0.966199993
0.961399993
0.960199992
0.964199992
0.962599993
0.963999994
0.965199994
0.962999994
0.963799993
0.964799993
0.962199993
0.960999993
0.961399994
0.965399993
0.961399995
0.965199993
0.958799994
0.963799994
0.963199994
0.965999994
0.964599994
0.961799993
0.962799993
0.964599992
0.962799994
0.960999994
0.963399994
0.961799994
0.966399994
0.963799993
0.963999994
0.965599993
0.964199993
0.961999993
0.961799993
0.959999992
0.965799993
0.961399994
0.962399993
0.962999993
0.960999994
0.965399993
0.963399994
0.964999993
0.964199994
0.966199993
0.963799994
0.967199993
0.961799993
0.961999993
0.965599994
0.964399993
0.965399993
0.964799993
0.962799993
0.966799993
0.962799993
0.967199994
0.963999993
0.968199994
0.962399994
0.963399992
0.967599993
0.967599993
0.966399994
0.961999993
0.967199994
0.965999995
0.966599993
0.965199993
0.966199994
0.965799994
0.967399995
0.964999993
0.964399992
0.963599993
0.962799994
0.965999994
0.967799994
0.962199993
0.967599993
0.966399994
0.966799994
0.967999994
0.965999993
0.965399994
0.961399994
0.965999994
0.965999993
0.962999994
0.965799993
0.965199994
0.963999993
0.965799994
0.967599993
0.963399992
0.968199994
0.967599994
0.964999993
0.967799994
0.966999994
0.968799994
0.968999995
0.968999994
0.965399994
0.965599993
0.963999994
0.965799994
0.966799993
0.965199993
0.966599996
0.962999993
0.967799993
0.962999994
0.963599993
0.964799993
0.965199993
0.965399994
0.965799993
0.969199994
0.969599994
0.964999993
0.964999994
0.965399994
0.967999993
0.966399993
0.966999993
0.966799994
0.968599993
0.964999994
0.966599993
0.966999995
0.966599993
0.971599994
0.968799994
0.968999994
0.969799995
0.966399994
0.968999994
0.968199994
0.967799994
0.968399995
0.967399994
0.968399994
0.965599993
0.967199994
0.969399994
0.966999993
0.967999995
0.967399994
0.966199993
0.967399994
0.969199994
0.968799994
0.969399994
0.968799994
0.967999994
0.966199993
0.968199993
0.971999995
0.967399993
0.969799994
0.967199994
0.970199994
0.968399993
0.967999993
0.968599994
0.967799994
0.966799994
0.969599994
0.971799994
0.969599994
0.965599994
0.967999995
0.971599995
0.972999994
0.968999994
0.966199994
0.967799993
0.970399995
0.966799994
0.969999995
0.969199995
0.969199994
0.968199994
0.968199994
0.966599994
0.966999993
0.969799994
0.969599994
0.971199995
0.966799994
0.965799994
0.970399995
0.968999994
0.966599993
0.968399994
0.969599994
0.969599995
0.967599994
0.969399994
0.968599994
0.972599994
0.968199994
0.969399994
0.973799995
0.970199994
0.967999994
0.970999994
0.968799993
0.971799994
0.971399995
0.968199994
0.969799994
0.967199994
0.970999994
0.964999995
0.969199994
0.970199994
0.966399994
0.971599994
0.968799994
0.969399995
0.967999993
0.968799994
0.971599994
0.969199993
0.973399995
0.969999995
0.970399994
0.970399994
0.969999994
0.969999994
0.968799994
0.970199994
0.967999995
0.971199994
0.970599994
0.968599994
0.970799994
0.971399994
0.969599993
0.969999994
0.969399994
0.968999994
0.971599994
0.970599994
0.967799994
0.969399994
0.972599994
0.973999995
0.968999994
0.972799994
0.970999994
0.968599993
0.968599994
0.968599994
0.970999994
0.970999995
0.972399995
0.971999995
0.969999995
0.969599994
0.968599994
0.969799994
0.970999995
0.968999994
0.970199994
0.968199994
0.972599994
0.970399994
0.967399994
0.970599994
0.972199996
0.969799994
0.972799994
0.969199994
0.972999995
0.969199994
0.969199994
0.971599994
0.970199994
0.971199995
0.972799994
0.971799994
0.972399994
0.970799994
0.970399994
0.965399994
0.970599994
0.972599994
0.969599994
0.969199995
0.970799994
0.971399995
0.971199994
0.971799995
0.968999994
0.967199993
0.973799994
0.968599994
0.973399995
0.969199994
0.968799993
0.972799994
0.973199994
0.969799995
0.970199995
0.971799994
0.972399995
0.968599994
0.970999995
0.972799995
0.970999994
0.974199994
0.967999994
0.968599994
0.967799995
0.969799994
0.970599995
0.971999994
0.970199994
0.969999994
0.972399995
0.969999993
0.970799994
0.976599995
0.972199995
0.970599994
0.971999995
0.973799994
0.971599995
0.971199994
0.973199995
0.972399995
0.969199995
0.972599994
0.971399995
0.974799995
0.973999995
0.968399994
0.969199994
0.969999995
0.971599995
0.975199995
0.972999995
0.973399994
0.969799993
0.972399995
0.971799994
0.971399995
0.972599994
0.970599994
0.968399994
0.972199995
0.968199994
0.973599995
0.974199994
0.968399993
0.968999994
0.970799994
0.974999995
0.973199994
0.972199995
0.971999995
0.972599994
0.973399994
0.971999995
0.969799995
0.973999995
0.970399994
0.972599994
0.972599995
0.969199994
0.971199994
0.969999995
0.972999995
0.969799994
0.972799994
0.974999995
0.972999994
0.973599995
0.970199994
0.971399995
0.971399994
0.972399994
0.973999995
0.972199994
0.970399994
0.971799994
0.969999994
0.976599995
0.970999994
0.972199994
0.972399995
0.970599995
0.973399995
0.971799994
0.970999995
0.972199995
0.973199995
0.972199995
0.972399994
0.974199995
0.970199994
0.970599995
0.974399994
0.972399994
0.975999995
0.969799994
0.969199994
0.974199995
0.972999994
0.974399995
0.973399995
0.970799995
0.973399995
0.969999994
0.973199994
0.972999995
0.971999994
0.972199994
0.970399994
0.972399995
0.973399995
0.970599994
0.970799994
0.973199994
0.973399995
0.972999994
0.973799994
0.973999994
0.971399995
0.976199995
0.970599994
0.972399994
0.974399994
0.971799994
0.973199994
0.971799995
0.972599994
0.973199994
0.971999994
0.973199995
0.972999995
0.973399994
0.972399994
0.973599995
0.972399994
0.974799994
0.974199995
0.972999995
0.972999995
0.972199994
0.975999995
0.971999995
0.971599994
0.971799995
0.969999994
0.973799994
0.974199994
0.972799995
0.972199994
0.972399995
0.977399996
0.970399994
0.973799996
0.973399994
0.974999995
0.975599995
0.974999995
0.975399995
0.975599994
0.975199995
0.973999995
0.973399994
0.972999995
0.973399995
0.973199994
0.973999994
0.975599994
0.974399995
0.972199994
0.975999995
0.972799995
0.974199995
0.975599995
0.970599995
0.973199995
0.976999996
0.974999995
0.971199994
0.973399995
0.973799995
0.974399994
0.970599995
0.973599995
0.973599995
0.973999995
0.971399996
0.976599995
0.972399994
0.974599994
0.972999994
0.972999994
0.972599995
0.974399995
0.972199995
0.970799994
0.974999995
0.973199995
0.974199994
0.972999994
0.971999994
0.974599994
0.973199994
0.972999994
0.971199995
0.972399994
0.972799994
0.969799994
0.974599995
0.971999995
0.972399994
0.972999994
0.975799995
0.974399995
0.971399994
0.970199993
0.972199994
0.976799995
0.971199994
0.972199995
0.978599995
0.973599994
0.972199994
0.971399995
0.973999995
0.975399994
0.970999995
0.972999995
0.972399995
0.974999995
0.973799994
0.971399994
0.972599994
0.974599994
0.974799995
0.973999995
0.973999994
0.971999994
0.973599995
0.973799995
0.972199994
0.973399994
0.970799993
0.972199995
0.974599995
0.973599994
0.970199993
0.974999995
0.975599995
0.972599995
0.972799994
0.973999995
0.973999995
0.974199994
0.974799994
0.974799995
0.974799995
0.979399995
0.973599994
0.975199994
0.977799995
0.973599994
0.970599995
0.973999994
0.976999995
0.974599995
0.976399996
0.975399995
0.970999994
0.975799995
0.973999995
0.973799995
0.974399994
0.970799994
0.974599994
0.973399994
0.976399996
0.973199995
0.975599995
0.974199995
0.975999995
0.974799995
0.972999995
0.975599995
0.974999995
0.971799994
0.972999995
0.971399995
0.974799995
0.975399995
0.973399995
0.973799994
0.972399995
0.972799995
0.975599995
0.974799995
0.974199995
0.974599995
0.974799995
0.975999995
0.975399995
0.976799995
0.973599994
0.975199995
0.975599995
0.973599994
0.975399995
0.975199995
0.974599994
0.975399995
0.974999995
0.974199995
0.973199994
0.977599995
0.974599995
0.973199995
0.974599995
0.974399995
0.974799995
0.973399994
0.973199994
0.976999995
0.971599995
0.977399995
0.973999995
0.973799994
0.974799994
0.971999994
0.974999994
0.973399995
0.971799995
0.976599995
0.975599995
0.973399995
0.975199995
0.976999995
0.973399994
0.974799995
0.976399995
0.976999995
0.975999995
0.974599995
0.977599995
0.974999995
0.976799995
0.975399995
0.974199995
0.973399995
0.974599995
0.974599995
0.978199995
0.973999994
0.975399995
0.975599994
0.972199994
0.974999995
0.975399994
0.976999995
0.975399995
0.974399994
0.977199995
0.975999995
0.974599995
0.977199995
0.974999995
0.975199995
0.977599995
0.974599994
0.975599995
0.974399994
0.974399994
0.970799994
0.973999995
0.978599995
0.975999995
0.975799995
0.976999995
0.975599995
0.972999995
0.974999995
0.975799995
0.973399994
0.977799995
0.976399995
0.971599995
0.975199995
0.975999995
0.971599995
0.975999995
0.973799995
0.976799995
0.976399995
0.974999995
0.975399995
0.977799995
0.976199995
0.974399995
0.976599995
0.976399995
0.974199994
0.976399996
0.973799994
0.972399994
0.976399995
0.971399994
0.975399994
0.972799994
0.973199995
0.973199995
0.975999995
0.971399994
0.974199995
0.972999995
0.972999995
0.976399995
0.973999994
0.973599994
0.974799995
0.975599995
0.974799994
0.973199995
0.974599995
0.973999995
0.975999995
0.974599994
0.976199995
0.975199994
0.976399995
0.973199996
0.974199994
0.973999995
0.975799995
0.975399995
0.971599993
0.976799995
0.975999994
0.976599995
0.976199994
0.976199995
0.975399995
0.974999995
0.974399995
0.973799995
0.970399994
0.975199995
0.974599995
0.976399995
0.973799994
0.972399994
0.977399995
0.975399994
0.974399996
0.974999994
0.974399994
0.976599995
0.975799995
0.976399995
0.973999995
0.975399995
0.972999995
0.975799995
0.973999995
0.974799995
0.972999994
0.977399995
0.978399995
0.974399995
0.975599995
0.971999994
0.975999995
0.976199996
0.977999995
0.975199995
0.973799994
0.977399996
0.972999995
0.974199995
0.976599995
0.978399995
0.976999995
0.976999995
0.975399995
0.976199995
0.975199995
0.975799995
0.974999994
0.973799995
0.974999996
0.976799995
0.974999995
0.975399995
0.975799995
0.972199995
0.973399995
0.975999994
0.977199995
0.979399996
0.978999996
0.978199996
0.977199995
0.976399995
0.976399995
0.974999995
0.978999995
0.978799995
0.973599995
0.975399995
0.975999995
0.976999995
0.974399995
0.977199995
0.974799994
0.973799995
0.973199995
0.976399995
0.973999995
0.976199995
0.974799995
0.978999995
0.977999996
0.976799995
0.974599995
0.978799996
0.976199995
0.974399995
0.974399995
0.974599995
0.975399995
0.977199995
0.977999995
0.974999995
0.977399995
0.977799995
0.976799996
0.979999995
0.976599994
0.974999995
0.976199995
0.972199994
0.973399995
0.973399994
0.975199995
0.975599995
0.973999995
0.977199995
0.975999995
0.973199995
0.973399994
0.975599995
0.981399996
0.977599995
0.974199994
0.976399995
0.977199995
0.977199995
0.973799994
0.977999995
0.975999995
0.971799994
0.975399995
0.977799995
0.975799994
0.975599995
0.978399996
0.976599995
0.976199995
0.975199995
0.975599994
0.974399995
0.974999995
0.975799995
0.975399994
0.974399995
0.975999995
0.974399995
0.973599995
0.974399995
0.977399995
0.974799995
0.979399996
0.978999996
0.974799995
0.979199996
0.974799994
0.975599995
0.976799995
0.978599996
0.976399995
0.974999995
0.978599996
0.975799995
0.977599995
0.976199996
0.978999995
0.976999995
0.974199994
0.979199995
0.976399995
0.978599995
0.980399995
0.977799995
0.975199995
0.975599994
0.978199996
0.977199995
0.979199996
0.974999995
0.975799995
0.978599995
0.976399995
0.977999995
0.975199995
0.973999995
0.974799995
0.974799995
0.976199995
0.975799995
0.976199995
0.975199995
0.975399995
0.975599995
0.974399995
0.975999996
0.976999995
0.976599995
0.977599995
0.975999995
0.973999995
0.980599995
0.977799996
0.977799996
0.980999996
0.977199996
0.976199995
0.977199995
0.974999995
0.978399995
0.977199996
0.975999996
0.976399995
0.977599995
0.976799995
0.975999995
0.981199996
0.975799995
0.978399995
0.974999995
0.975199994
0.978599995
0.977199995
0.975399995
0.977599995
0.975799995
0.974399994
0.978399995
0.976399995
0.977399995
0.975799995
0.978199996
0.977799995
0.975799994
0.978199995
0.975799994
0.977599995
0.976799995
0.975799994
0.976799995
0.976799995
0.975399995
0.974599994
0.972999995
0.975199995
0.975199995
0.976999996
0.974799994
0.979599995
0.979399996
0.975999995
0.976599995
0.976199995
0.977599996
0.977999996
0.976199995
0.978199995
0.977399995
0.975799995
0.976399995
0.973399995
0.978799996
0.980399995
0.975999995
0.978999995
0.977599995
0.976999995
0.978399995
0.975199995
0.976999995
0.978399995
0.977999995
0.975399995
0.976399995
0.976599995
0.976199995
0.978399995
0.978199995
0.977999995
0.979399996
0.976399995
0.977799995
0.978399995
0.976599995
0.979399995
0.975799994
0.974199995
0.979999996
0.977799995
0.974799994
0.977999995
0.977599996
0.975999995
0.978999996
0.974399995
0.977399995
0.977399996
0.976999995
0.976799996
0.978199995
0.976399995
0.976399995
0.977599995
0.980799996
0.974399995
0.976999996
0.977399995
0.976599995
0.977399995
0.976199995
0.980599996
0.976599995
0.977399995
0.977199996
0.978799995
0.978399996
0.976999995
0.976799994
0.975999995
0.975799994
0.976399995
0.974599994
0.978599995
0.975999994
0.978199995
0.976999995
0.976999995
0.977199995
0.976199995
0.976399995
0.977599996
0.975999995
0.978799995
0.977999996
0.975799995
0.977399995
0.977799995
0.978599995
0.975399995
0.975199994
0.976199995
0.977999995
0.976999995
0.975999995
0.976999995
0.975599995
0.976999995
0.979799995
0.979599997
0.976799995
0.976999995
0.976199995
0.980399996
0.977399995
0.978599995
0.978599995
0.977799995
0.978999995
0.980399996
0.978199996
0.977599995
0.980799996
0.975799995
0.976199995
0.977799995
0.974999995
0.976399995
0.981399996
0.976799995
0.975399994
0.978799995
0.980199996
0.979599995
0.978399995
0.977399996
0.975199995
0.977799995
0.979799996
0.977799996
0.977399995
0.979199995
0.977799995
0.979999996
0.978599995
0.976399995
0.977199996
0.977599995
0.978599995
0.975999995
0.977599995
0.978399996
0.979599996
0.975999995
0.977799995
0.979399996
0.977799995
0.979399996
0.977599995
0.980799996
0.978399996
0.977199996
0.976599995
0.977999995
0.976199995
0.976999996
0.977399995
0.976599995
0.976799995
0.978999996
0.979399995
0.979999995
0.979399995
0.978399995
0.977199995
0.975599995
0.977599995
0.981199996
0.979399995
0.976599995
0.978599996
0.976399995
0.978999995
0.977199995
0.977799995
0.976799995
0.978599996
0.980199995
0.976599996
0.975199995
0.978199995
0.979399996
0.976799995
0.977799995
0.978799995
0.977999995
0.978799995
0.976999995
0.977199996
0.977999995
0.977199996
0.979399996
0.979399995
0.977999995
0.973999995
0.977599995
0.977599995
0.975999995
0.975999995
0.978999995
0.976999995
0.977199995
0.976399995
0.975199995
0.979399996
0.979799996
0.981399996
0.978799996
0.976399995
0.978999995
0.976199995
0.977799995
0.977199995
0.976599995
0.977999996
0.975399995
0.977599995
0.976799995
0.976999995
0.978399995
0.977199995
0.978599995
0.978599996
0.978999996
0.976999995
0.975199994
0.974999995
0.978599995
0.979199996
0.976999996
0.978599995
0.977799995
0.977599995
0.977999995
0.979199995
0.976399995
0.978399996
0.979599995
0.974799995
0.975399995
0.976599995
0.976599996
0.979599995
0.980999996
0.981199996
0.976799994
0.977999996
0.979199995
0.977399995
0.978999995
0.976599995
0.979199996
0.975599995
0.976399996
0.977399995
0.978399995
0.978399995
0.977799995
0.978799995
0.977599995
0.978399995
0.977999995
0.976799995
0.978399995
0.976199995
0.976399994
0.977599995
0.978799995
0.977199995
0.977799995
0.978799996
0.979399995
0.978199996
0.976999995
0.977399995
0.981199996
0.978199995
0.975599995
0.977799995
0.976399995
0.978599995
0.978399995
0.975999995
0.978399995
0.976399995
0.976399995
0.977999996
0.971999994
0.977199995
0.976799995
0.977999995
0.980199996
0.977999995
0.978799995
0.980399996
0.978599995
0.976799996
0.978199995
0.975399994
0.979799996
0.979399996
0.975599994
0.977399995
0.977399996
0.978199995
0.974799995
0.975999995
0.979999996
0.975599995
0.975799995
0.974599995
0.979199996
0.977999995
0.978599995
0.977999995
0.976599995
0.977199995
0.977399995
0.977799995
0.977599995
0.976799995
0.976999995
0.978199995
0.977199995
0.976999995
0.975599995
0.978999996
0.980799996
0.977599996
0.978999996
0.980399996
0.978199995
0.976199995
0.977399995
0.977199995
0.975799995
0.979399996
0.976599995
0.974599994
0.979799996
0.978199995
0.978399995
0.976399996
0.978999995
0.979999995
0.979599996
0.978199995
0.975799995
0.979999995
0.975999995
0.980999996
0.976799995
0.977199995
0.978399996
0.977999995
0.980599996
0.979999995
0.979399996
0.978399995
0.979999996
0.974799994
0.977799996
0.978199995
0.978799995
0.976399995
0.978599996
0.976999995
0.977199996
0.975599995
0.974199994
0.978199996
0.981199996
0.977599995
0.978599996
0.977599995
0.976199995
0.975999995
0.976199995
0.979199996
0.979599996
0.978199996
0.974599995
0.977399995
0.977799995
0.979399996
0.976999995
0.978199996
0.977599995
0.979199995
0.976999995
0.977799995
0.977599996
0.975399995
0.976799995
0.977599996
0.978999995
0.978199996
0.978599996
0.978599996
0.977799995
0.977599995
0.977599995
0.978199996
0.978399996
0.980199996
0.978199996
0.977799995
0.976599995
0.977799995
0.978399995
0.979399996
0.977199995
0.977799995
0.977599995
0.978599995
0.976399996
0.975799995
0.979199996
0.977199995
0.978599995
0.979199996
0.977799995
0.976399995
0.976999995
0.978999995
0.979999995
0.977199995
0.977599996
0.980599996
0.980599996
0.978399996
0.979599996
0.977199995
0.976599995
0.979599996
0.979399996
0.979799996
0.976799995
0.976199995
0.978399995
0.979999995
0.978399995
0.981399996
0.978199996
0.976799995
0.978199996
0.977999995
0.975399995
0.974799995
0.977799995
0.978199995
0.980199996
0.976999995
0.977399995
0.979199995
0.975999995
0.977999995
0.977199996
0.979199995
0.979199996
0.978599995
0.979399996
0.979599996
0.979799995
0.979199995
0.977799996
0.977399995
0.980399996
0.978199996
0.977599995
0.977799996
0.980399996
0.980399996
0.980399996
0.977199996
0.978199995
0.978599995
0.978999995
0.978399995
0.976199995
0.979599995
0.978999996
0.976999996
0.975999995
0.977599995
0.977999995
0.974399995
0.978199995
0.977199995
0.978399996
0.976999996
0.976599995
0.978999995
0.976599996
0.977199995
0.977399995
0.977199995
0.977199995
0.977399995
0.978799996
0.977999996
0.978199995
0.977799995
0.979399996
0.977999995
0.979199995
0.976999995
0.976199995
0.976399995
0.976399995
0.974199994
0.977599995
0.978599996
0.976599995
0.979799995
0.975199994
0.976799995
0.975999995
0.978399995
0.978399996
0.980399996
0.979399995
0.979599995
0.980199996
0.979199995
0.979599995
0.978999996
0.979599996
0.978999995
0.976599995
0.978199996
0.976999995
0.976199995
0.979999996
0.977199995
0.980199996
0.981199996
0.979799996
0.976799995
0.978199995
0.978999995
0.978999995
0.979999995
0.976399995
0.977999995
0.978999995
0.980999996
0.977599995
0.979199996
0.977599995
0.978799996
0.978399995
0.978199996
0.977999995
0.977399995
0.979599995
0.974599995
0.976999995
0.978199996
0.977799995
0.978799995
0.976999995
0.976999995
0.980799996
0.978199995
0.978399995
0.978599995
0.979199996
0.978999995
0.980399996
0.981199996
0.980599996
0.978399995
0.976799996
0.978399995
0.979799996
0.977399995
0.977999995
0.978399996
0.976999995
0.978199996
0.978999995
0.978399996
0.977399995
0.975399995
0.979599996
0.978999995
0.980799995
0.979199995
0.977199995
0.977599995
0.979799995
0.978599995
0.980599996
0.979399996
0.977999995
0.978799995
0.979799996
0.980199996
0.981399996
0.978999995
0.977799995
0.981199996
0.977199995
0.979799995
0.977799995
0.977599995
0.980199996
0.978799995
0.976799995
0.979199996
0.980399996
0.980799995
0.979399996
0.976599996
0.977999996
0.979199996
0.978199995
0.981999996
0.976799995
0.978799995
0.981399996
0.978599996
0.980199996
0.976399995
0.976399995
0.978399996
0.978199995
0.974799995
0.979399996
0.976599995
0.978999995
0.979199995
0.975399995
0.979999995
0.978599996
0.979399995
0.978799995
0.979799995
0.978999995
0.978599996
0.977999995
0.977799995
0.977799995
0.979799995
0.976999996
0.976599995
0.979799996
0.979999996
0.976999995
0.979599995
0.981799996
0.978399995
0.975999995
0.978999995
0.976599995
0.980399996
0.977999995
0.982999996
0.977999995
0.979399996
0.976999996
0.978599995
0.980799996
0.980999996
0.977199995
0.979399996
0.977599996
0.978999996
0.977199996
0.981599996
0.977999995
0.976199995
0.977999995
0.977999995
0.979599996
0.979799995
0.979399996
0.980999996
0.979199996
0.979799996
0.980999996
0.980799996
0.980999995
0.977399996
0.979799996
0.978799996
0.976599996
0.978999995
0.980199996
0.977999995
0.978999995
0.976599995
0.975399995
0.980599995
0.974599995
0.978599996
0.977999996
0.976799994
0.977199996
0.981799996
0.977199995
0.981399996
0.977599996
0.977199995
0.978599995
0.981599996
0.980199996
0.980199996
0.978799995
0.978999995
0.978199995
0.976999995
0.977199996
0.977399995
0.977599995
0.977399995
0.975799996
0.978599995
0.978599995
0.976799995
0.975399994
0.982199996
0.978399995
0.976399994
0.979599997
0.980799996
0.980399995
0.980599996
0.976999995
0.976599995
0.978399995
0.978999995
0.977999995
0.980799996
0.978799995
0.977999995
0.977799995
0.978599996
0.977799995
0.980399996
0.978199996
0.979399996
0.979399995
0.981999996
0.978199995
0.980799996
0.977599995
0.977399995
0.978399995
0.978799995
0.981599996
0.981199996
0.976999995
0.977599996
0.979399995
0.979599995
0.978599996
0.976599995
0.979599995
0.977399995
0.978799995
0.977599995
0.981599996
0.978199996
0.979999995
0.977599995
0.978199995
0.980799995
0.976599995
0.977599996
0.976999995
0.981599996
0.979599996
0.981599996
0.980599996
0.977399995
0.978999995
0.975399994
0.980799996
0.978599995
0.978799995
0.981599996
0.977799995
0.978999996
0.977599995
0.977999995
0.978399995
0.979199995
0.975999995
0.980599996
0.977999996
0.976999995
0.979799996
0.979199996
0.980799996
0.978599995
0.981599996
0.979599995
0.978199995
0.980199996
0.979399995
0.976599995
0.978599996
0.978799996
0.975599995
0.979399996
0.979599996
0.978999995
0.980599996
0.978999995
0.980799995
0.979399995
0.977799996
0.980399996
0.976399995
0.978999996
0.978799996
0.976599995
0.975999995
0.979599996
0.978399995
0.980399995
0.977999995
0.980599996
0.981399996
0.980399996
0.978799995
0.979799996
0.978799995
0.977199995
0.977999995
0.976599995
0.978999996
0.979199996
0.978399995
0.976599995
0.978199996
0.980199996
0.977599996
0.977999995
0.976799995
0.979599995
0.981599996
0.978999995
0.978399996
0.978999995
0.980599996
0.978199996
0.978999995
0.979799995
0.980599996
0.978799995
0.977999995
0.980399996
0.979199995
0.978599995
0.978799995
0.983199996
0.979799995
0.977399995
0.976599995
0.979999996
0.979399996
0.979999996
0.981799996
0.978999995
0.978999995
0.976199995
0.979799995
0.979999996
0.980399996
0.977199995
0.978799995
0.980199996
0.978599996
0.979799995
0.979799996
0.981599996
0.979999995
0.980399996
0.979599995
0.979599995
0.976999995
0.978799995
0.979399995
0.977599995
0.975999996
0.976399996
0.979999996
0.977199995
0.974999995
0.977799995
0.977399996
0.980799996
0.976999995
0.979799995
0.976599995
0.975199995
0.977999995
0.975599995
0.980799995
0.980999996
0.981399996
0.977999995
0.981599996
0.978799996
0.977199995
0.980799996
0.979199996
0.978999995
0.982199996
0.976999995
0.980599996
0.978399995
0.977399995
0.978999995
0.978199995
0.975999995
0.978999995
0.978999995
0.979199996
0.978399995
0.980399996
0.980599996
0.979999996
0.976799994
0.976999995
0.979599995
0.977799995
0.978199996
0.979799996
0.977399995
0.979199996
0.981799996
0.979799996
0.979799996
0.979599995
0.977999996
0.978199996
0.981799996
0.978599995
0.977999995
0.977799995
0.978999995
0.979999995
0.978199995
0.977999995
0.979799995
0.978399995
0.978799996
0.979399995
0.976399995
0.978399995
0.979999995
0.975399995
0.979599996
0.979799996
0.980199996
0.979999996
0.979399995
0.978799995
0.981599996
0.981399996
0.978999996
0.976399995
0.980199996
0.979799995
0.977199995
0.977199995
0.979799995
0.977799995
0.979399995
0.978799996
0.979599996
0.980199996
0.978599996
0.980999996
0.980399996
0.978199995
0.979799996
0.980799996
0.978199996
0.977399996
0.980199996
0.980399996
0.982199996
0.978999995
0.980599996
0.977599995
0.980799995
0.977999995
0.975999995
0.978999995
0.977599995
0.977599996
0.979599995
0.977399995
0.981799996
0.978599996
0.979199996
0.976799995
0.980399996
0.979799996
0.977799995
0.978999995
0.978199995
0.979199996
0.977399995
0.980599996
0.976599995
0.980599996
0.979399996
0.976799995
0.975599995
0.980199996
0.978999995
0.980399996
0.979999996
0.980999996
0.977799995
0.976199995
0.979399996
0.977399995
0.982599996
0.977999995
0.978599995
0.978199995
0.979799996
0.982199997
0.980599995
0.977599996
0.978799996
0.978199996
0.979599996
0.981599996
0.978199996
0.980199996
0.983599996
0.977799995
0.981999996
0.982799996
0.978599996
0.976199995
0.980999995
0.979199996
0.980799996
0.978999996
0.978599996
0.975999995
0.979599996
0.978799996
0.978799995
0.976799995
0.980199996
0.978199996
0.977399995
0.979599996
0.979799996
0.979399996
0.980199996
0.978799995
0.980999995
0.977599995
0.979199996
0.979199995
0.980999996
0.977999995
0.977399996
0.980999996
0.981199996
0.980599996
0.976999995
0.978999995
0.979399996
0.978399995
0.978999995
0.982599996
0.979599995
0.977599995
0.978399996
0.980999996
0.982799996
0.979999995
0.978799996
0.979399996
0.977999996
0.979599996
0.975999995
0.980199996
0.979199995
0.980399996
0.979399996
0.982599996
0.979799995
0.981599996
0.981799996
0.980599996
0.980399996
0.977799995
0.977599995
0.976999995
0.978799996
0.977199995
0.978799995
0.981999996
0.978799996
0.979999995
0.978199996
0.977399995
0.976599995
0.978399995
0.978799995
0.977999995
0.978199995
0.977399995
0.977999995
0.979599996
0.978599995
0.980799996
0.977399995
0.979999996
0.979399996
0.979799996
0.979399996
0.980399996
0.979199995
0.978799995
0.980599995
0.978999995
0.979799995
0.981399996
0.978799995
0.976199995
0.980599996
0.978399996
0.980799995
0.978799996
0.979599995
0.980399996
0.981199996
0.977199995
0.980399996
0.979599996
0.978199995
0.979999996
0.978399995
0.977799995
0.977799995
0.978199995
0.979199996
0.979599995
0.980199996
0.979599996
0.977799995
0.980599995
0.977199996
0.978199996
0.977599995
0.978799995
0.979599996
0.978399995
0.979999995
0.976799995
0.977799995
0.980799995
0.979999996
0.981199996
0.979199996
0.979799995
0.979199996
0.979799995
0.981599996
0.977799996
0.981399996
0.981799997
0.977599995
0.978599995
0.981799996
0.983199996
0.980199995
0.982799996
0.977799995
0.981799996
0.980599996
0.976799995
0.979799996
0.978199995
0.979799996
0.979199995
0.977399996
0.981399996
0.977799996
0.977799995
0.977999995
0.979399996
0.981199996
0.977599995
0.981199996
0.980799996
0.978799995
0.978199996
0.980599996
0.980399995
0.978399996
0.976399995
0.975799995
0.978799996
0.981599996
0.980599996
0.976199996
0.980599996
0.979199995
0.979199995
0.977399996
0.978799996
0.983199996
0.978599995
0.978799995
0.979599995
0.980999996
0.980399996
0.980199996
0.980799995
0.981599996
0.979999996
0.980399996
0.976599995
0.978199995
0.980399996
0.979599995
0.981199996
0.979599995
0.979799995
0.980199996
0.977599995
0.981799996
0.979199996
0.979599995
0.979199996
0.980599996
0.978599995
0.978799995
0.978599995
0.978799995
0.978399995
0.978799995
0.980599995
0.981199996
0.978399995
0.979199996
0.978199995
0.978799995
0.978399996
0.980799997
0.976599995
0.976199995
0.978999995
0.980799995
0.978999995
0.977999995
0.977599995
0.981599996
0.979999995
0.978599995
0.979999995
0.979999995
0.981399996
0.978999995
0.976199995
0.977799996
0.978799995
0.977799995
0.980399996
0.983599997
0.978799995
0.977799995
0.981799996
0.979399995
0.978799995
0.978999995
0.978999996
0.978999995
0.979399996
0.978999996
0.983199996
0.981599996
0.979399995
0.980599996
0.981399996
0.978399996
0.977599995
0.980799996
0.979599996
0.979199996
0.982599996
0.978999995
0.978199995
0.979799995
0.981999996
0.976999995
0.977399995
0.978599996
0.982399996
0.980599996
0.978999996
0.978599995
0.980799996
0.976999995
0.981399996
0.978399995
0.981999996
0.978399995
0.977999996
0.978599996
0.985199997
0.981599996
0.978799996
0.980399995
0.977599995
0.978599996
0.982199996
0.979799995
0.977999995
0.978399996
0.975999995
0.979599996
0.978999995
0.979599995
0.980399996
0.977999996
0.979999996
0.981399996
0.979199996
0.978199996
0.981799996
0.978999995
0.983399996
0.980799996
0.977799996
0.980399996
0.982799996
0.980399996
0.981599996
0.978799995
0.979799995
0.976999995
0.978199995
0.980199996
0.982199996
0.978999995
0.980999996
0.978999996
0.980599996
0.978999995
0.980599995
0.980599996
0.979399995
0.979199996
0.980199996
0.982399996
0.976999995
0.977999995
0.978199995
0.979599996
0.979599995
0.978599995
0.979199995
0.981599996
0.978199995
0.978799995
0.979999996
0.976999995
0.980599996
0.979399995
0.978199995
0.980399996
0.977599995
0.979399995
0.979399995
0.979399996
0.978399995
0.979999995
0.978999996
0.980799995
0.979999995
0.976999995
0.980599996
0.979799996
0.979599996
0.980599995
0.978399996
0.978599996
0.980199996
0.980599996
0.980999996
0.979599996
0.980599996
0.978799996
0.980999996
0.978399996
0.978599995
0.977799995
0.981199996
0.980399996
0.978599995
0.979199995
0.982199996
0.979599995
0.979399996
0.979399996
0.980399996
0.981399996
0.976799996
0.980599995
0.979199995
0.980599995
0.983399996
0.978799995
0.982199996
0.980399996
0.979999996
0.979199996
0.976599995
0.981399996
0.980399995
0.980199996
0.979599996
0.982399996
0.978999996
0.979199996
0.978399996
0.978799996
0.980599996
0.979999995
0.979799995
0.979199995
0.979199996
0.979799996
0.978799996
0.978999995
0.977999995
0.981199996
0.980199996
0.979199996
0.979399996
0.979599995
0.981199996
0.978799995
0.976599995
0.980999995
0.979799995
0.979599995
0.980399996
0.980799996
0.980599996
0.980199996
0.978999995
0.979399995
0.977399995
0.979599996
0.980799996
0.977599996
0.976999995
0.980799996
0.979999995
0.977599996
0.980199996
0.979799996
0.981399997
0.980599996
0.980199996
0.980799995
0.980199996
0.978999995
0.981799996
0.980999996
0.979799996
0.980599995
0.979599995
0.979799996
0.980799996
0.976599996
0.978799995
0.979599996
0.978199996
0.977999995
0.979799996
0.979199995
0.981399996
0.981799996
0.978199996
0.977599996
0.978799995
0.980199996
0.979199995
0.979199995
0.980599995
0.980199996
0.981599996
0.978599995
0.980199996
0.978399995
0.980999996
0.978999995
0.978199995
0.979399995
0.978999995
0.978999995
0.978999995
0.977799995
0.979999996
0.979199995
0.980199995
0.977999996
0.983399996
0.978599995
0.979799995
0.981599996
0.982599997
0.978799995
0.978399995
0.977999995
0.980999996
0.978999995
0.981799996
0.977999995
0.977599995
0.979999995
0.983199996
0.980399996
0.979199996
0.977599995
0.977199995
0.979799995
0.976599995
0.978399996
0.980199996
0.980199996
0.977399995
0.980599996
0.979399995
0.981599996
0.980399996
0.981199996
0.979999997
0.981799996
0.980399996
0.981599996
0.979399996
0.981199996
0.981199996
0.978199995
0.979799996
0.975799994
0.977799995
0.981599996
0.980399996
0.982399996
0.980599995
0.977999995
0.980399996
0.977999995
0.978999995
0.978999996
0.982599996
0.981599996
0.980999995
0.979599996
0.979399996
0.980799996
0.979999996
0.979799996
0.977799996
0.980999996
0.979799995
0.980599996
0.978399995
0.977399995
0.980799996
0.980999996
0.979799995
0.980199996
0.981999996
0.977999995
0.978999995
0.980999996
0.979199995
0.978599995
0.978799996
0.981599996
0.978199996
0.979799996
0.978399995
0.981399997
0.980599996
0.981799996
0.980199996
0.980799996
0.978999995
0.980199996
0.977799995
0.977199995
0.978199995
0.978799995
0.978799995
0.980799996
0.981799996
0.979599996
0.979599996
0.981799996
0.978199995
0.981799996
0.977799995
0.978999996
0.978999995
0.979599995
0.977999995
0.982399996
0.978799996
0.980799996
0.979799996
0.978599995
0.979199996
0.977999996
0.978599996
0.979399996
0.981999996
0.979999996
0.977799995
0.980399996
0.976999995
0.982999996
0.980999995
0.981199996
0.977599995
0.980999995
0.979599996
0.980799995
0.978399996
0.979199995
0.981799996
0.977999995
0.981599996
0.978799995
0.978199995
0.979599995
0.977799995
0.979199995
0.982199996
0.982599996
0.977599995
0.979199996
0.980199996
0.980599995
0.978199996
0.980399995
0.979999996
0.979199995
0.979599995
0.980999997
0.980599996
0.980399996
0.978999995
0.980399996
0.979199995
0.978599996
0.977199996
0.980399995
0.980799996
0.979399996
0.980799995
0.979399995
0.981199996
0.979399996
0.979399995
0.978799996
0.978199995
0.978999995
0.980999996
0.978999996
0.980399995
0.979799995
0.977399995
0.981399996
0.981599996
0.981399996
0.977999995
0.979999995
0.981599996
0.979399996
0.980799996
0.979399995
0.979399995
0.979399995
0.979399995
0.979799996
0.977799996
0.981399996
0.981199996
0.982399996
0.979599996
0.978199996
0.979999996
0.980199996
0.979999996
0.978799995
0.979599995
0.980999996
0.980399996
0.981999996
0.982599996
0.980199996
0.979199996
0.980599996
0.979999996
0.979799995
0.981799996
0.978199995
0.980799996
0.981399996
0.981799996
0.979599995
0.978999996
0.980799996
0.982799996
0.977999995
0.980999995
0.981199996
0.981599996
0.978799995
0.975399995
0.981599996
0.978599995
0.978599996
0.980199996
0.978199995
0.980999996
0.982799996
0.979199996
0.979799995
0.982199996
0.981399996
0.979999996
0.980999995
0.979999995
0.979799996
0.981799997
0.981199996
0.982399996
0.979599995
0.980799996
0.975799994
0.976199995
0.982799996
0.976399995
0.980199996
0.978799995
0.979999996
0.980199996
0.980999995
0.981399996
0.979999996
0.978799996
0.981799996
0.981399996
0.981599996
0.981599996
0.982799996
0.979799996
0.981999996
0.978999995
0.980399996
0.979399996
0.982399996
0.980399996
0.981199996
0.979199995
0.978799996
0.980999996
0.982199996
0.979599995
0.978199996
0.980999995
0.980999996
0.978399996
0.979399995
0.977999995
0.977599995
0.979799995
0.979399995
0.980199996
0.976999995
0.978999995
0.977599995
0.977999995
0.981199996
0.978999995
0.981199996
0.978799995
0.979999995
0.979799996
0.979599995
0.981399996
0.978999995
0.979999996
0.980999996
0.978999995
0.979599995
0.979199996
0.980599996
0.981199996
0.978799996
0.976399995
0.981199996
0.981799996
0.980399996
0.980399996
0.978399996
0.979199996
0.980799996
0.983599996
0.980199996
0.978599996
0.978399996
0.979399996
0.981199996
0.978999996
0.977199996
0.978399995
0.979199995
0.979599996
0.980799996
0.979799995
0.980799996
0.980999996
0.980999996
0.979599996
0.982199996
0.980599996
0.981799996
0.977399995
0.980999995
0.979199995
0.982399996
0.980999996
0.980399996
0.978799996
0.982599996
0.978599995
0.981199996
0.980399996
0.980799996
0.979599996
0.980399996
0.979999995
0.979399996
0.980399996
0.981399996
0.976799996
0.979999995
0.982199996
0.980999995
0.978199995
0.978799996
0.979999996
0.979799996
0.979199995
0.980799996
0.979799996
0.983399996
0.982399996
0.976599995
0.980799996
0.979999995
0.977999995
0.982799997
0.981999996
0.982199996
0.981599996
0.982399996
0.980799996
0.981799996
0.981399996
0.978599996
0.979199996
0.978399995
0.979999995
0.980599996
0.978999995
0.982199996
0.979199996
0.978799995
0.980399996
0.980599995
0.979399996
0.981399996
0.979599996
0.981599996
0.981799996
0.979999996
0.978799996
0.980799995
0.981999996
0.978399995
0.979999996
0.982999996
0.980399996
0.980999996
0.980599996
0.982599997
0.978199996
0.982199996
0.982399996
0.978199995
0.977799995
0.981199996
0.981999996
0.981799996
0.982399996
0.980399996
0.979999996
0.981399996
0.981399996
0.979199996
0.979399996
0.977399995
0.977199995
0.979799995
0.979799996
0.981599996
0.979599996
0.981599996
0.979799995
0.982399996
0.979999995
0.980199995
0.977199995
0.979799995
0.977799996
0.979399996
0.980799996
0.979399995
0.980799996
0.979199996
0.981799996
0.981599996
0.981599996
0.983399997
0.982999997
0.981199996
0.982999996
0.979399996
0.980399996
0.981399996
0.980599996
0.979399995
0.981999996
0.980799995
0.980999996
0.979599997
0.979999995
0.978599996
0.981399997
0.979999995
0.982199996
0.980799996
0.981199996
0.983799996
0.979799996
0.979799995
0.980999996
0.981799996
0.979399995
0.980399995
0.980399995
0.978599996
0.979599996
0.981799996
0.977999995
0.979999996
0.980999996
0.977199995
0.980399996
0.980999996
0.980599996
0.981399996
0.981599996
0.978999995
0.981199996
0.979799996
0.980399996
0.977999995
0.980999996
0.984199996
0.979199996
0.978999995
0.979799995
0.981599996
0.978999996
0.979599995
0.980799996
0.981399996
0.980599996
0.980799996
0.980199995
0.979799996
0.980399995
0.978399995
0.981999996
0.980399996
0.979599996
0.979599995
0.981399996
0.982599996
0.980599996
0.981599996
0.980399996
0.981199996
0.981199996
0.982199996
0.980599995
0.980799995
0.981999996
0.984199996
0.978999995
0.979599995
0.980599995
0.980399996
0.982599996
0.978599995
0.977799995
0.981399996
0.979199996
0.978599995
0.978999996
0.980199996
0.977199995
0.978999995
0.981799996
0.981399996
0.981999996
0.980199996
0.979199995
0.981399996
0.978999995
0.980599996
0.980799996
0.978599996
0.980599995
0.984599997
0.981599996
0.981399996
0.981399996
0.981799996
0.983799997
0.977999995
0.979599995
0.981799996
0.981399996
0.979799996
0.980599996
0.982199996
0.980199996
0.983599997
0.980399996
0.980599995
0.983599996
0.980999996
0.980799996
0.979799995
0.981999996
0.981799996
0.976599995
0.981399996
0.979999995
0.978399995
0.979199996
0.980199996
0.980599997
0.982199996
0.980599996
0.980799996
0.979999996
0.979599995
0.981799996
0.980999995
0.981399996
0.979199996
0.980399996
0.977799995
0.981599996
0.979399996
0.981199996
0.979399995
0.979999996
0.980799996
0.979199996
0.980799996
0.981399996
0.978399995
0.983799997
0.981799996
0.982199996
0.980999996
0.981999996
0.981799996
0.981199996
0.980799996
0.980799996
0.978599996
0.981399996
0.978199995
0.980999996
0.982199996
0.979399995
0.981599996
0.977799995
0.981799996
0.980799996
0.981399996
0.980799995
0.982599996
0.981599996
0.979999995
0.980199996
0.979199996
0.979999996
0.980199996
0.981599996
0.978599995
0.981199996
0.980399996
0.981199996
0.977599995
0.982799996
0.978599995
0.981799996
0.979999996
0.978999995
0.980199996
0.978399996
0.978999996
0.980799996
0.978599995
0.979599995
0.978999996
0.980199996
0.977399996
0.978399995
0.979399996
0.980399996
0.982399996
0.980799996
0.978799996
0.978799995
0.977999995
0.982999996
0.979399996
0.980199996
0.980599995
0.981399996
0.979599995
0.978599995
0.980199996
0.982199996
0.980999996
0.978199995
0.983199996
0.981199996
0.980999996
0.979399996
0.979999996
0.980999996
0.981999996
0.981799996
0.977799995
0.980799996
0.981599996
0.979199995
0.980199996
0.979199996
0.981599996
0.979599995
0.979799995
0.980999995
0.980199996
0.979599996
0.980999996
0.981399996
0.981999996
0.979799996
0.978399995
0.980599996
0.981599996
0.977799995
0.978199996
0.979999996
0.978399995
0.980799995
0.979799995
0.982799996
0.979799996
0.982799996
0.980799995
0.980799995
0.977199995
0.978199996
0.978599996
0.979799995
0.980799996
0.982999996
0.981199996
0.981399996
0.978599996
0.982399996
0.978799995
0.980599996
0.981199996
0.980399996
0.980599996
0.980199996
0.978599996
0.983199996
0.980399996
0.981399996
0.981799996
0.982599996
0.982799996
0.980199995
0.978399995
0.980999996
0.979399996
0.980399996
0.981199996
0.978599995
0.980199996
0.981599996
0.978999996
0.979599996
0.981599996
0.980799996
0.981799996
0.980399996
0.979599996
0.978799996
0.978199995
0.979599995
0.983999996
0.979799995
0.982199996
0.980799995
0.980799995
0.980199996
0.978399996
0.979999996
0.978399995
0.978999995
0.981599996
0.980399996
0.981999996
0.980799996
0.979999996
0.978199996
0.979999995
0.980399996
0.981399996
0.977799995
0.980399996
0.981399996
0.981999996
0.981599996
0.980999996
0.980399995
0.980999996
0.981799996
0.979199996
0.981799996
0.979799996
0.982999996
0.978399995
0.980799996
0.981199996
0.979999995
0.980599995
0.980999996
0.979599995
0.979799996
0.981599996
0.979599995
0.981199996
0.979599995
0.978799995
0.978799995
0.981999996
0.978799995
0.983199996
0.980999996
0.980799996
0.981399996
0.980399996
0.979399995
0.979799996
0.983199996
0.980399995
0.980399996
0.979799996
0.978399995
0.980799996
0.982399996
0.981599996
0.979999996
0.981599996
0.981199996
0.979599996
0.979999995
0.980599996
0.981399996
0.982799996
0.980599996
0.979399995
0.980199996
0.979599996
0.981199996
0.980999996
0.979599995
0.979799996
0.982599996
0.980799996
0.980799996
0.981599997
0.980799996
0.981199996
0.981399996
0.980399995
0.982199996
0.979399995
0.980199996
0.982199996
0.978799996
0.979199995
0.981199996
0.981999996
0.981199996
0.981799996
0.981999996
0.980399996
0.978999996
0.980599996
0.980399996
0.980599996
0.979599996
0.980599996
0.981399996
0.980799996
0.983399996
0.979599996
0.979599995
0.979999996
0.978799996
0.981999996
0.983399996
0.977599996
0.980799997
0.977799996
0.979199996
0.978399995
0.979199995
0.981399996
0.983399996
0.979999996
0.981999997
0.981799996
0.981199996
0.980999995
0.980399995
0.980799996
0.981399996
0.980599995
0.980599995
0.981399996
0.979999996
0.980999996
0.979999995
0.979599995
0.979799995
0.980199996
0.977599995
0.980599996
0.980799996
0.982999996
0.980199996
0.978199995
0.980799996
0.980399995
0.980999996
0.981599996
0.982199996
0.980399996
0.978999995
0.979799995
0.979599996
0.979599996
0.980799995
0.980799996
0.979799996
0.979999996
0.977599995
0.982999996
0.982199996
0.979799995
0.979999997
0.978399995
0.983999997
0.982599996
0.981599996
0.980999996
0.981999996
0.982799996
0.979199996
0.981799996
0.981799996
0.978799996
0.979999996
0.979399996
0.984599996
0.982399996
0.981199996
0.982399997
0.978599995
0.980799996
0.980199995
0.979199995
0.980199996
0.981599996
0.980599995
0.979399996
0.981599996
0.978199996
0.979999995
0.978799996
0.981999996
0.980799996
0.981199996
0.982199996
0.981199996
0.977999995
0.981799996
0.984199996
0.981599996
0.979999995
0.981599997
0.981599996
0.981199996
0.981799996
0.981199996
0.980599996
0.981599996
0.979799995
0.979599995
0.981199996
0.981399996
0.980199996
0.981999996
0.981399996
0.982999996
0.977999995
0.980399996
0.981599996
0.982799996
0.981399996
0.982399996
0.982199996
0.982199996
0.979799996
0.983199996
0.981799997
0.978999996
0.980999995
0.981799996
0.981799996
0.981799996
0.979999995
0.981399996
0.980799995
0.981799996
0.981999996
0.980399995
0.980399996
0.982599996
0.977599996
0.981799996
0.979399995
0.981999996
0.981999996
0.981999996
0.979599995
0.980799996
0.978999995
0.977799995
0.978399996
0.981799996
0.982199996
0.982599996
0.981399996
0.979799996
0.981199996
0.983399996
0.980199996
0.980199996
0.982399996
0.979999996
0.981199996
0.981399996
0.981199996
0.980599996
0.979199995
0.982399996
0.977999996
0.979199996
0.979399995
0.978399995
0.978799996
0.982599996
0.984399997
0.980799996
0.983199996
0.978199995
0.978399996
0.980799996
0.978799995
0.980599996
0.979999995
0.980799996
0.982799996
0.980399996
0.981199996
0.982799996
0.981999996
0.981599996
0.981799996
0.981199997
0.980799996
0.980799996
0.980399996
0.980599996
0.979999996
0.980799996
0.980999996
0.981799996
0.982399996
0.981599996
0.980199995
0.981199996
0.981799996
0.982599996
0.981999996
0.980999996
0.982399997
0.980999996
0.981399996
0.983599997
0.980199996
0.981199996
0.982199996
0.984399997
0.978999996
0.980599996
0.978399995
0.982199996
0.978799996
0.979599996
0.979599996
0.983399997
0.980799996
0.982199996
0.982599997
0.979799995
0.982399996
0.979599996
0.982399996
0.981999996
0.981999996
0.982399996
0.977399996
0.979199995
0.981599996
0.979599995
0.982199996
0.980799996
0.979999996
0.981999996
0.981599996
0.979399996
0.982399996
0.982199996
0.980399996
0.981599996
0.982599996
0.980999996
0.983399996
0.983199996
0.983199996
0.981599996
0.981599996
0.981799996
0.979799996
0.980799996
0.982199996
0.980199996
0.978199996
0.980999996
0.981599996
0.980599995
0.982199996
0.979799995
0.980999996
0.981399996
0.979599996
0.979799996
0.980599996
0.979999996
0.983199996
0.978199995
0.980799996
0.979999995
0.978999996
0.983399996
0.979199995
0.981799996
0.978199995
0.979199996
0.978999995
0.981399996
0.983399996
0.978799995
0.980599996
0.981399996
0.983999997
0.980799996
0.980999996
0.978999995
0.979199996
0.979999995
0.981999996
0.978999995
0.979199996
0.981199996
0.981599996
0.980599995
0.980599995
0.982199996
0.978799995
0.983399996
0.983999996
0.980799996
0.980399995
0.978199995
0.979799996
0.980799995
0.980599996
0.981399996
0.980199996
0.983799996
0.981599996
0.980799997
0.980399997
0.977599996
0.982199996
0.981199996
0.982199996
0.978399996
0.981999996
0.978999995
0.980599996
0.982799996
0.979599995
0.985399997
0.981999996
0.981199996
0.983399997
0.982199996
0.980199996
0.981599996
0.980599996
0.981399996
0.979799996
0.977599995
0.979999995
0.980999996
0.981199996
0.981599996
0.981599996
0.980999996
0.978799995
0.982399996
0.980799996
0.981399996
0.980399996
0.978999996
0.978799995
0.983599997
0.980799996
0.980799996
0.981199996
0.980599996
0.981999996
0.983599996
0.981599996
0.980399996
0.979799996
0.980399996
0.979399995
0.980399996
0.982199996
0.982399996
0.980199996
0.982199996
0.981799996
0.980799996
0.981599996
0.980599996
0.983199996
0.979999996
0.979799996
0.981599996
0.981599996
0.980399996
0.980799996
0.979999996
0.980599996
0.981199996
0.980999996
0.982399996
0.980799995
0.979599996
0.980999996
0.979799995
0.980799996
0.977999995
0.980999995
0.977799995
0.984999996
0.981799996
0.977999995
0.979999995
0.982199996
0.981399996
0.982199996
0.980799996
0.979199996
0.978799995
0.979399995
0.979999995
0.981199996
0.980399995
0.981799996
0.982999996
0.981999996
0.980999996
0.981599996
0.980799996
0.980199995
0.980999996
0.981199996
0.980799996
0.981199996
0.979799995
0.980799996
0.981199996
0.980599995
0.979199995
0.979199995
0.979799996
0.981599996
0.978599996
0.980599996
0.980999996
0.982599996
0.980799996
0.979199995
0.981599996
0.981799996
0.983399996
0.983199996
0.980999996
0.980399995
0.981999996
0.981599996
0.982799996
0.983799996
0.980599995
0.983199996
0.980399996
0.982199996
0.982199996
0.978199996
0.980199996
0.980399996
0.985199997
0.981399996
0.980799996
0.980999996
0.981799996
0.979599995
0.981399996
0.981999996
0.982199996
0.983399996
0.982399996
0.981999996
0.980799995
0.979799996
0.979799996
0.982799996
0.981799996
0.980599995
0.979599995
0.979399995
0.981799996
0.983599997
0.980599996
0.980399996
0.980599996
0.979799995
0.983799996
0.982199996
0.984399997
0.977799995
0.978999995
0.981599996
0.980599995
0.981799996
0.979399996
0.979999996
0.979599996
0.980199996
0.979399995
0.981399996
0.980599996
0.982399997
0.981599996
0.979799996
0.981599996
0.983799996
0.982999996
0.980999996
0.979599995
0.979799996
0.979999995
0.978399995
0.980199996
0.983999996
0.979199996
0.981999996
0.980799996
0.982799996
0.981799996
0.981599996
0.977799995
0.982799996
0.982799996
0.981799997
0.982799996
0.983199996
0.982799996
0.978199995
0.978399995
0.980999996
0.980199995
0.980999995
0.980599996
0.977799995
0.980999996
0.982799996
0.982799996
0.981199996
0.981399996
0.979799996
0.980599996
0.982999997
0.980399995
0.980399995
0.980399996
0.981799996
0.983399997
0.981399996
0.980399996
0.977199996
0.983199996
0.980399996
0.980199996
0.981199996
0.981199996
0.980999996
0.981599996
0.980399996
0.979799996
0.980799996
0.982399996
0.982999996
0.980399996
0.980199996
0.979599996
0.981999996
0.980399995
0.980799995
0.981799997
0.984199996
0.981399996
0.983599996
0.980799996
0.980399995
0.979799996
0.979999996
0.981799996
0.981799996
0.981599996
0.978799996
0.979599996
0.981199996
0.980399996
0.981999996
0.981799996
0.979999995
0.982599996
0.983999996
0.980199996
0.979399996
0.981199996
0.980399996
0.980799996
0.981799996
0.981399996
0.983399996
0.980799996
0.979799995
0.979999996
0.981399996
0.982599996
0.981199996
0.980999996
0.980399996
0.984799997
0.983199996
0.983399996
0.981799996
0.978399995
0.981199996
0.980399996
0.980399995
0.981399996
0.980199996
0.980199995
0.980399996
0.980599996
0.981799996
0.982399996
0.980999996
0.977799996
0.983799996
0.982199996
0.984599996
0.980999996
0.982599997
0.981199996
0.982999997
0.982399996
0.982199996
0.982799996
0.978999995
0.977799996
0.981399996
0.979799995
0.980999995
0.981399996
0.980799996
0.983399996
0.981399996
0.982599996
0.979199996
0.982399996
0.980999996
0.982999996
0.977999995
0.980599995
0.980599996
0.981399996
0.979599996
0.981599997
0.981199997
0.983199996
0.981399996
0.981599996
0.983599996
0.981599996
0.981599996
0.982399996
0.980199996
0.979799995
0.982199996
0.977599995
0.980999996
0.976999995
0.979599996
0.981599996
0.981399996
0.981999997
0.979199995
0.980599996
0.980799996
0.979599995
0.981399996
0.983199997
0.981599996
0.980999996
0.981599996
0.981399996
0.978799995
0.980599996
0.981599996
0.981599996
0.982999996
0.977599995
0.980799996
0.980999995
0.980799996
0.982399996
0.982199996
0.981599996
0.983999996
0.981999996
0.981999996
0.979199996
0.980599996
0.982399997
0.983199996
0.981399996
0.980599996
0.983199996
0.980199996
0.980199996
0.980799996
0.981399996
0.980399996
0.980399996
0.979399995
0.980799996
0.983999996
0.982599996
0.981799996
0.981599996
0.981599996
0.982999996
0.979799996
0.980399996
0.980599996
0.982199996
0.982399996
0.984399997
0.979799996
0.980799996
0.982599996
0.983399996
0.982799996
0.978399995
0.979799996
0.981999996
0.982199996
0.979999995
0.979799995
0.980799996
0.983399996
0.978999996
0.984799997
0.983399996
0.982599996
0.980999996
0.981399996
0.980599995
0.981599997
0.981799996
0.983999996
0.982999996
0.978199996
0.981599996
0.980599995
0.982399996
0.980199996
0.978599996
0.981599996
0.982799996
0.982199996
0.978599996
0.979599995
0.981199996
0.980199996
0.980999996
0.980399996
0.979399995
0.981199996
0.981599996
0.981999996
0.981999996
0.980399996
0.979599995
0.980199996
0.984199996
0.978399995
0.979199995
0.980999995
0.981799996
0.979999995
0.982999996
0.980999995
0.982599996
0.977999996
0.981599996
0.981999996
0.983199996
0.980199996
0.983799996
0.979399995
0.981999996
0.981199996
0.980199996
0.982999996
0.979199995
0.977999995
0.982599996
0.982399996
0.980799996
0.980599995
0.981599996
0.980399996
0.979999996
0.980399996
0.982999996
0.980399996
0.979999995
0.979199996
0.983599996
0.979799996
0.982399996
0.978799995
0.983799996
0.982599996
0.978999995
0.980599996
0.983199997
0.981799996
0.979399995
0.983399997
0.979599996
0.979999996
0.982999996
0.982399996
0.983399996
0.983599996
0.982399996
0.980599996
0.980999996
0.980999996
0.979399995
0.982399996
0.980799996
0.983999996
0.981799996
0.978999995
0.982199996
0.980599995
0.980999996
0.982999996
0.979599995
0.981399996
0.979799995
0.981599996
0.980799995
0.981999996
0.980199996
0.980999996
0.982199996
0.982399996
0.981799996
0.981599996
0.979999995
0.978999995
0.981999996
0.980799996
0.981399996
0.983399996
0.982399996
0.982999996
0.982799996
0.980199995
0.982199996
0.982199996
0.978799995
0.978799995
0.983199996
0.982999996
0.979799996
0.982799996
0.981199996
0.978399996
0.980199996
0.978999995
0.981399997
0.980199996
0.982199996
0.981399996
0.980999996
0.979999996
0.978799995
0.976599994
0.981399996
0.981599996
0.980799995
0.980599995
0.980599996
0.981599996
0.984199997
0.981999996
0.980599996
0.979599995
0.980199996
0.980999996
0.982199996
0.981399996
0.981999997
0.983599996
0.980199996
0.981799996
0.980999996
0.980199996
0.981599997
0.982399996
0.983999996
0.981799996
0.981599996
0.979599995
0.979199995
0.980399995
0.980599995
0.977599995
0.980999995
0.981399996
0.980399995
0.980599996
0.983399996
0.981999996
0.978599995
0.980199995
0.984199996
0.981399996
0.978599995
0.979999995
0.979799996
0.982999996
0.981199996
0.981399996
0.981799996
0.980799995
0.981599996
0.979399995
0.981399996
0.983199996
0.979799996
0.982799996
0.981999996
0.982599996
0.979599995
0.980799996
0.982199996
0.981399996
0.980599996
0.982799996
0.980599995
0.983799996
0.981599996
0.979999996
0.979399996
0.980399996
0.979199995
0.981599996
0.980199996
0.982999996
0.981999996
0.982599996
0.980799997
0.981799996
0.980799995
0.981399996
0.982399996
0.980799996
0.978799996
0.981799996
0.981799996
0.979599995
0.981399996
0.980199996
0.980799996
0.982799996
0.982399996
0.978199995
0.981999996
0.982199996
0.981199996
0.980799996
0.978799996
0.983399996
0.982999996
0.978799996
0.977799995
0.982399996
0.982599996
0.980599995
0.980399996
0.979399996
0.982999997
0.982799996
0.981199996
0.981399996
0.981999996
0.981799996
0.982799996
0.981999996
0.980199995
0.980599996
0.979399995
0.981599996
0.979799995
0.980599996
0.979999996
0.980199996
0.980599996
0.981999996
0.978599995
0.981599996
0.982599996
0.978599995
0.981799996
0.979599996
0.980799996
0.984199996
0.979599996
0.979999996
0.981199996
0.983199996
0.982999996
0.980999996
0.981999996
0.981599996
0.977999996
0.981199996
0.981199996
0.985199996
0.981999996
0.983399997
0.982199996
0.981199996
0.980999996
0.980599996
0.982799996
0.983199996
0.979999995
0.980399996
0.981399996
0.979999995
0.979599996
0.982399996
0.979399996
0.982199996
0.982599996
0.979599997
0.982399996
0.982399996
0.976999995
0.979599995
0.981399996
0.979799996
0.982999996
0.980399995
0.981199996
0.978199995
0.980799996
0.982199996
0.981999996
0.980799996
0.981799996
0.980599996
0.980999996
0.980799996
0.979799995
0.982399996
0.981999996
0.977399995
0.980799996
0.980799995
0.981399996
0.981599997
0.981599996
0.982999996
0.979199995
0.980799996
0.978999996
0.981599996
0.979999996
0.983199997
0.982399996
0.982799996
0.982999996
0.981399996
0.983199996
0.980399996
0.982199996
0.981399996
0.981999996
0.981599996
0.983799996
0.980599996
0.980399996
0.982599996
0.978799996
0.981999996
0.981199996
0.982199996
0.980199996
0.980199996
0.978599995
0.981599996
0.980399996
0.980399996
0.979799995
0.979799996
0.981599996
0.981199996
0.979399996
0.978599996
0.979999996
0.980199996
0.980799995
0.980799996
0.982199996
0.980399996
0.981599996
0.981599996
0.981999996
0.978599995
0.981599996
0.979199995
0.979999996
0.982599996
0.980799996
0.981999996
0.981999996
0.981799996
0.981199996
0.980199996
0.982999996
0.980999996
0.981799996
0.979999995
0.981999996
0.982399997
0.980199996
0.982399996
0.982199996
0.982399996
0.980599996
0.981199996
0.981199996
0.982199997
0.980999995
0.982799996
0.977599995
0.982799996
0.981399996
0.979399995
0.979399996
0.982599996
0.979799995
0.981999996
0.980199996
0.982999996
0.980199996
0.979999995
0.984799997
0.983599996
0.981399996
0.981199996
0.982799996
0.984599997
0.981799996
0.981999996
0.982599996
0.980999996
0.980599996
0.982799997
0.980999996
0.981199996
0.979599996
0.981599996
0.982199996
0.979199995
0.982199996
0.982399996
0.983799996
0.981799996
0.982399996
0.983799996
0.979999995
0.981199996
0.979199996
0.980999996
0.981799996
0.982199996
0.980399996
0.981199996
0.981599996
0.980199996
0.981199996
0.979599995
0.978399995
0.982599997
0.983599996
0.982799997
0.981999996
0.980799996
0.981799996
0.981399996
0.982599996
0.982199996
0.981799996
0.980799995
0.981199996
0.980799996
0.982599996
0.981199996
0.981999996
0.979799995
0.980999996
0.980599996
0.980599996
0.982999996
0.984399997
0.980999996
0.977399995
0.982399996
0.978999995
0.982399996
0.980999995
0.982399996
0.981199996
0.981399996
0.980799996
0.978999995
0.979599995
0.978199995
0.981399996
0.982399996
0.982599996
0.984799997
0.984199996
0.981999996
0.981199996
0.981799996
0.980399995
0.979799996
0.983199996
0.984199996
0.980999996
0.982199996
0.982399996
0.983199997
0.979999996
0.982599996
0.983399996
0.981599996
0.982999996
0.976799995
0.979999996
0.981599996
0.981399997
0.980399996
0.977599995
0.980799996
0.982799996
0.979799995
0.981799996
0.983199996
0.980999996
0.980599996
0.981799997
0.982199996
0.981199996
0.983599997
0.981399996
0.982399996
0.983999996
0.979799995
0.980599996
0.978799995
0.981799996
0.984199996
0.983399996
0.982999996
0.981399996
0.981799996
0.981599996
0.981599996
0.981599996
0.982199996
0.979799995
0.979199996
0.980599995
0.982399996
0.981799996
0.981399996
0.983399996
0.981399996
0.981599996
0.982199996
0.979199996
0.982799996
0.980199996
0.980399996
0.982399996
0.981999996
0.982599996
0.979999996
0.978799995
0.978799995
0.981799997
0.982199996
0.981399996
0.981799996
0.977599996
0.979599995
0.980799996
0.981399996
0.981599996
0.982999996
0.979799996
0.977799995
0.980799996
0.983799996
0.982399996
0.981399997
0.980999996
0.981599996
0.980599996
0.983399997
0.980399995
0.981999996
0.981399996
0.978599995
0.980199995
0.980799996
0.981199996
0.983999996
0.982799996
0.981399996
0.981399996
0.981399996
0.983599997
0.981399996
0.983199996
0.981199996
0.981599996
0.980999996
0.982399996
0.981799996
0.978199995
0.979599996
0.980199996
0.980799996
0.981999996
0.981199996
0.983399996
0.982999996
0.980399995
0.983799996
0.982999996
0.981799996
0.982799997
0.978199995
0.979199996
0.981999996
0.982799996
0.981999996
0.981999996
0.978799995
0.982599996
0.982199996
0.982199996
0.980199996
0.979599996
0.981399996
0.981199996
0.981399996
0.981599996
0.980999996
0.981999996
0.982599996
0.981799996
0.980199996
0.983399996
0.982799996
0.980799996
0.981799996
0.982399997
0.980399996
0.981399996
0.982399996
0.980199996
0.982999996
0.983199996
0.980199996
0.981599997
0.981999996
0.975599995
0.981199996
0.983199997
0.981199996
0.983999996
0.979999996
0.979399995
0.981999996
0.983199997
0.981599996
0.981199996
0.981599997
0.980199996
0.980799996
0.981199996
0.981199996
0.980399996
0.982999996
0.985199996
0.978599995
0.980999996
0.980599996
0.981199996
0.982399996
0.981799996
0.980999995
0.984799997
0.980799996
0.981999996
0.981999996
0.983199997
0.981799996
0.979799996
0.980999996
0.982599996
0.978999995
0.979199996
0.980199996
0.982399996
0.980799996
0.980999996
0.980199996
0.982199996
0.983799996
0.982599996
0.980799995
0.980199996
0.983399996
0.983399997
0.980799996
0.978999995
0.981799996
0.979599996
0.981799996
0.980799996
0.981999996
0.984399996
0.980999996
0.982199996
0.980199996
0.982599997
0.981999996
0.983799996
0.978999995
0.984199996
0.982799996
0.980999996
0.982199996
0.981199996
0.981199996
0.981799996
0.981799996
0.981799996
0.981199996
0.982799996
0.982999996
0.981799996
0.983799996
0.981599997
0.980999995
0.982199996
0.984599997
0.982799996
0.980399996
0.982599996
0.978599996
0.979199995
0.980399995
0.981199996
0.979599996
0.980599995
0.984799996
0.984199997
0.982199996
0.981999996
0.979999995
0.979999996
0.984399997
0.980999997
0.983599996
0.981199996
0.982599996
0.982799997
0.982999997
0.981399996
0.980799996
0.979599996
0.980799996
0.980799996
0.983399996
0.980199995
0.981799996
0.979199996
0.982999996
0.983399996
0.982399997
0.980199996
0.982999996
0.980399995
0.978399996
0.981199996
0.983599996
0.981199996
0.980199996
0.981199996
0.980799995
0.982799997
0.980799995
0.983199996
0.980599996
0.982199996
0.981199996
0.982399996
0.981599996
0.980599996
0.980799996
0.981799996
0.981999996
0.979799995
0.982799996
0.986399997
0.983599996
0.981999996
0.980999996
0.983599997
0.981999996
0.980199996
0.982199996
0.983199996
0.983399997
0.981199996
0.984199996
0.981199996
0.981399996
0.981999996
0.981599996
0.981599996
0.980399996
0.981399997
0.980999996
0.980999995
0.981999996
0.980599996
0.983799996
0.979799996
0.981199996
0.981399996
0.980999996
0.984399997
0.979199996
0.980999995
0.980199996
0.978599995
0.983799997
0.979599995
0.981799996
0.980999996
0.980599995
0.982399996
0.981799996
0.981599996
0.981799996
0.982599996
0.981599996
0.980599996
0.982799996
0.981199996
0.981599996
0.982799996
0.982799996
0.982399996
0.982599996
0.984799997
0.982999996
0.979399996
0.981199996
0.981799996
0.981599996
0.982199996
0.979999995
0.981599996
0.981999996
0.982599997
0.981199996
0.980199995
0.979799995
0.981799996
0.984399997
0.983799996
0.982199996
0.980799996
0.981999996
0.981399996
0.980799996
0.981399996
0.982799996
0.980599996
0.978999995
0.981799997
0.981399996
0.980999995
0.980199996
0.981799996
0.981599996
0.980599996
0.980599996
0.980999995
0.982399996
0.980799996
0.981399996
0.982799996
0.979599996
0.982599997
0.981999996
0.983799996
0.981199996
0.981399996
0.982399996
0.982999996
0.982799996
0.981999996
0.982799996
0.983399997
0.979999996
0.980799995
0.981999996
0.981999996
0.980999996
0.979799995
0.981999996
0.983599996
0.980999995
0.982399996
0.983199997
0.980999995
0.980999996
0.981199996
0.982399997
0.982599996
0.982399996
0.977999995
0.980399995
0.982599996
0.979799995
0.978999996
0.981599996
0.979599996
0.980799996
0.982599996
0.980799996
0.981599996
0.981799996
0.980999996
0.982999996
0.980999996
0.980599996
0.978999995
0.980399996
0.983199996
0.981199996
0.980599996
0.981999996
0.980999996
0.981199996
0.983999997
0.979599997
0.982599996
0.981199996
0.979999995
0.979399995
0.983199996
0.981999996
0.983399996
0.978999995
0.982999996
0.984199996
0.981599996
0.980199996
0.980599996
0.979999996
0.981199996
0.981799996
0.981399996
0.983799996
0.979999995
0.981999996
0.982999996
0.979799996
0.981599996
0.980399996
0.980799995
0.979399996
0.982199996
0.979199995
0.980399996
0.981399996
0.981599996
0.981599996
0.982399996
0.981199996
0.980199996
0.981999996
0.980599996
0.978999995
0.982199997
0.982199996
0.982199996
0.979999995
0.982799996
0.979399995
0.979999995
0.981399997
0.981199996
0.982399996
0.980999996
0.982799996
0.980399996
0.982399996
0.980799996
0.980799996
0.979999996
0.980999996
0.980999997
0.982199996
0.981399996
0.982399996
0.981399996
0.980799995
0.979999995
0.982199996
0.982199996
0.979999996
0.983399996
0.983599996
0.983199996
0.980199996
0.982399996
0.981199996
0.982199996
0.982599996
0.980799996
0.981999997
0.981799997
0.981999996
0.980799996
0.983199996
0.981399997
0.983399996
0.978999996
0.983399997
0.981599996
0.983199996
0.978999995
0.984599996
0.981999996
0.982599996
0.981199996
0.980799996
0.979999995
0.979399995
0.980199995
0.982199997
0.980599995
0.985199997
0.984799996
0.981599996
0.983199996
0.980799996
0.981599996
0.983199996
0.983399996
0.981399996
0.981999996
0.980399996
0.983799996
0.982399996
0.980599995
0.980599996
0.979599996
0.981799996
0.980999995
0.984399997
0.980399996
0.980399996
0.981199996
0.980999996
0.979999996
0.981799996
0.980599996
0.980799996
0.982399996
0.985399997
0.983199996
0.980999996
0.982599996
0.981399996
0.978399995
0.981999996
0.979599996
0.981399996
0.982799996
0.981799996
0.980799995
0.982199996
0.981199996
0.981999996
0.980999996
0.981399996
0.981399996
0.980599995
0.978599995
0.980399995
0.982399996
0.981399996
0.979199996
0.981599996
0.979999996
0.980199996
0.982999996
0.979399995
0.982399996
0.982999996
0.980599996
0.981999996
0.979799995
0.983399997
0.981999996
0.981399996
0.981399996
0.982199996
0.984799996
0.983199996
0.981599996
0.981599996
0.982199996
0.981799996
0.981799996
0.981199996
0.981599996
0.982599996
0.981199996
0.980599996
0.982999997
0.981199996
0.982199996
0.979799995
0.982199996
0.980999995
0.981599996
0.978999996
0.983199996
0.980999996
0.980999995
0.981999996
0.980599996
0.981199996
0.979199995
0.982999996
0.982199996
0.981599996
0.979799995
0.981999996
0.981399996
0.981999996
0.982399996
0.983599996
0.981599996
0.982799996
0.980799995
0.981399996
0.980399996
0.982799996
0.981799996
0.981999996
0.983399996
0.979999995
0.981999996
0.983399997
0.980199995
0.980399996
0.982399996
0.981399996
0.982599996
0.979799996
0.983199996
0.982599996
0.982399997
0.984599996
0.984399997
0.980599996
0.979199996
0.980599996
0.979199996
0.982599996
0.979799995
0.982399996
0.980399996
0.979799995
0.981599996
0.980399996
0.981799996
0.983399997
0.979599996
0.980199996
0.981399996
0.982199996
0.981599996
0.981799996
0.980999995
0.982399996
0.981399996
0.981799996
0.983399996
0.982599997
0.983999996
0.984199996
0.981599996
0.983399996
0.980199995
0.979599995
0.982199996
0.982599996
0.981799996
0.984199996
0.980599995
0.982199996
0.981599996
0.980199996
0.981599996
0.981199996
0.982999996
0.981999996
0.983399996
0.979799996
0.981399996
0.981599996
0.980999996
0.981999996
0.982399996
0.981199996
0.983999996
0.982199996
0.981399996
0.980399996
0.981599996
0.981599996
0.983599997
0.984399996
0.981599996
0.980799995
0.985599997
0.983599996
0.983199996
0.979999995
0.984599996
0.979599995
0.982999996
0.981199996
0.982199996
0.979799996
0.979599995
0.980399996
0.981799996
0.981199996
0.979599996
0.982399996
0.980999996
0.981399996
0.979999996
0.981399996
0.983199996
0.980399996
0.981799996
0.979799995
0.980599997
0.982199996
0.981999996
0.981599996
0.982399996
0.980199995
0.981199996
0.982399997
0.981599996
0.982799996
0.983599996
0.982999996
0.982399996
0.980599996
0.982999996
0.979999995
0.980199996
0.981799996
0.979599996
0.981999996
0.983799997
0.980599995
0.981599996
0.980999996
0.981799996
0.982399996
0.979999995
0.982999996
0.983199997
0.983399996
0.981799996
0.982799997
0.983199996
0.980599996
0.981799996
0.981399996
0.983599997
0.981999996
0.981599996
0.982599996
0.980799996
0.980199996
0.980399996
0.983399996
0.980999996
0.982599996
0.983599996
0.981799996
0.980599997
0.980599996
0.982599996
0.982199996
0.981399996
0.982599996
0.980599996
0.982199996
0.981799996
0.982599996
0.981599996
0.979999996
0.982399996
0.981599996
0.981199996
0.981399996
0.983399996
0.979999995
0.980399996
0.983999997
0.984399997
0.983399996
0.982399996
0.982599996
0.981599996
0.980399995
0.981399996
0.981999996
0.980999996
0.979999995
0.982399996
0.982799996
0.980399996
0.978999995
0.980599996
0.980799996
0.982999996
0.981399996
0.981999996
0.982199996
0.981599996
0.979799996
0.981999996
0.981399996
0.982399997
0.981799996
0.981599996
0.983799996
0.981999996
0.983199996
0.980599996
0.981399996
0.983799996
0.983799996
0.980599996
0.982199996
0.982999996
0.984399996
0.983399997
0.981199996
0.981599996
0.981799996
0.980799995
0.979799996
0.982199996
0.979999996
0.981799996
0.981399996
0.981399996
0.979999995
0.981599996
0.980599996
0.980599995
0.980599996
0.981599996
0.979399996
0.982799996
0.981599996
0.982599996
0.980799996
0.981799996
0.982599996
0.981999996
0.981399996
0.984599996
0.981399996
0.983799997
0.980399996
0.981599996
0.981599996
0.980799995
0.982199996
0.982599996
0.978999995
0.982199996
0.984399996
0.981799996
0.982799996
0.979399995
0.979999996
0.980799996
0.982399996
0.980799996
0.983999996
0.983399997
0.982599996
0.980599996
0.982399996
0.983199996
0.982199996
0.981399996
0.980799996
0.982799996
0.980599996
0.981999996
0.981199996
0.982799996
0.981999996
0.979999996
0.982199996
0.982599996
0.983799997
0.982599996
0.981199996
0.982199996
0.981799996
0.978999995
0.979999996
0.978799995
0.981599996
0.980399996
0.981199996
0.982799996
0.981999996
0.982399996
0.981999996
0.981999996
0.982399996
0.982399996
0.978799995
0.980399996
0.982399996
0.981799996
0.981999996
0.979799996
0.983999996
0.982399996
0.983999996
0.980999996
0.982799996
0.979799996
0.981199996
0.983399996
0.981999996
0.982799996
0.980599996
0.983199996
0.979799996
0.983599996
0.984999996
0.983999996
0.982999996
0.982199996
0.978799995
0.980199996
0.979199996
0.983999996
0.980599996
0.982999996
0.982999996
0.981799996
0.983199996
0.981799996
0.982399996
0.980999995
0.982599996
0.981599996
0.982599996
0.985199996
0.982199996
0.981399996
0.981999996
0.980799996
0.982399996
0.982399996
0.980599995
0.981599996
0.982199996
0.982999996
0.980599996
0.984399997
0.981399996
0.981199996
0.979199996
0.979599996
0.980599996
0.979599996
0.981999996
0.981199996
0.980999996
0.981599997
0.981199996
0.979999995
0.983799997
0.980399996
0.982599996
0.981199996
0.978199996
0.978999995
0.980199996
0.979199996
0.983199996
0.981199996
0.980999996
0.979599995
0.981199996
0.982199996
0.981199996
0.981799996
0.984399997
0.980999996
0.983199996
0.982599996
0.981599996
0.982199996
0.982199996
0.980999995
0.982999996
0.981599996
0.982399996
0.981199996
0.983199996
0.982199996
0.982999996
0.982799996
0.983199996
0.979999995
0.985599997
0.981199996
0.982399996
0.981399996
0.983399996
0.980399996
0.983599997
0.983599996
0.981599996
0.978999995
0.981999996
0.984199996
0.981599996
0.981599996
0.982799997
0.981199996
0.981999996
0.980599996
0.985999997
0.981199996
0.982799996
0.979399995
0.982799996
0.983199997
0.981999996
0.980799996
0.981199996
0.983799997
0.982199996
0.981399996
0.982599996
0.982999996
0.979999995
0.981199996
0.982999996
0.981599996
0.980599996
0.981799996
0.981599996
0.982199996
0.977999995
0.980399996
0.983199997
0.982999996
0.981999996
0.981599996
0.982399997
0.981399996
0.980199996
0.982799996
0.982599996
0.982799996
0.982199996
0.980599996
0.983999997
0.982599996
0.980599996
0.981799996
0.979199996
0.981999996
0.982399996
0.983599996
0.982199996
0.984199996
0.981399996
0.980199996
0.981599996
0.982399996
0.980599996
0.983799996
0.981399996
0.981399996
0.981599996
0.983199996
0.981599996
0.981599996
0.980199996
0.982999996
0.981399996
0.983399997
0.984999996
0.980599996
0.983199996
0.982999997
0.984399996
0.978999995
0.980999996
0.979999996
0.982799996
0.984399997
0.980399996
0.980199996
0.981399996
0.983599996
0.981199996
0.980599996
0.980999995
0.980999996
0.979599996
0.981799996
0.981799996
0.981999996
0.982999996
0.981799996
0.981999996
0.981599996
0.980199995
0.982999997
0.982199996
0.979399995
0.982599996
0.981399996
0.983799997
0.982399996
0.979999995
0.981199996
0.980199995
0.980399996
0.982799996
0.981199996
0.980599996
0.981399996
0.981199996
0.979799996
0.980599996
0.982399996
0.979799996
0.980799996
0.982599996
0.980199996
0.981999996
0.982599996
0.982399996
0.981599996
0.982399996
0.982599996
0.982399997
0.982599996
0.980799996
0.982999996
0.981799996
0.983999996
0.980199996
0.981599996
0.981199996
0.980999996
0.982199996
0.979799996
0.981599996
0.980799996
0.982399996
0.979799995
0.982399996
0.982199996
0.983199996
0.980799996
0.980199996
0.983399996
0.981399996
0.982199996
0.981399996
0.979599996
0.979999995
0.982999996
0.980599996
0.984599996
0.982599996
0.983199996
0.982799997
0.982599996
0.980999996
0.981599996
0.980199996
0.981599996
0.981399996
0.980799995
0.984199996
0.983199996
0.982599996
0.982599996
0.983799996
0.981599996
0.980199995
0.982399996
0.983399996
0.984199997
0.981399996
0.980799995
0.979599996
0.982399996
0.982399996
0.981999996
0.980799995
0.982599996
0.983399997
0.980199995
0.981399996
0.984399996
0.981999996
0.981399996
0.982399996
0.982199996
0.981799996
0.981599996
0.980799996
0.981799996
0.982599996
0.981999997
0.978799995
0.981799996
0.983799996
0.982599996
0.982999996
0.980999996
0.983199996
0.981799996
0.983399997
0.982399996
0.980999996
0.981999996
0.982999996
0.983199996
0.981999996
0.982199996
0.981999996
0.981999996
0.981399996
0.980599996
0.979999996
0.981799996
0.984599996
0.982999996
0.980999995
0.982199996
0.981399996
0.982199996
0.983399997
0.979799995
0.980399995
0.983999996
0.983999996
0.982199996
0.982799996
0.981799996
0.982999996
0.981399996
0.981999996
0.979599996
0.979799996
0.981599996
0.982799996
0.979799996
0.981399996
0.981599996
0.978399996
0.982999996
0.980799996
0.983799996
0.980599996
0.981399996
0.980399996
0.984399996
0.981799996
0.984399996
0.981399996
0.981799997
0.979599996
0.981199996
0.980799996
0.981599996
0.982199996
0.981599996
0.983599996
0.982999996
0.982599996
0.981199996
0.981799996
0.980599996
0.981599996
0.982399996
0.982399996
0.980999996
0.983799997
0.980399996
0.981399996
0.980199996
0.980999996
0.980599995
0.981199996
0.982999996
0.981799996
0.982599996
0.983799996
0.983599997
0.982599996
0.979999996
0.980599996
0.982399996
0.981799996
0.984599996
0.981799996
0.980599996
0.981199996
0.982599996
0.981399996
0.981199996
0.981599996
0.981399996
0.979799995
0.980399996
0.984399996
0.980799996
0.981799996
0.981199996
0.984199996
0.982199996
0.982199996
0.983399996
0.981199996
0.982799996
0.980999996
0.980199996
0.980599995
0.985199997
0.983199996
0.981799997
0.984199997
0.984199996
0.981799996
0.980199996
0.982199996
0.984999997
0.983199997
0.981599996
0.982399997
0.980199996
0.983799996
0.982999996
0.978799996
0.979399996
0.982599996
0.981799996
0.980799995
0.982799996
0.982599996
0.982199996
0.981399996
0.983199996
0.982599996
0.981199996
0.980799996
0.980999996
0.980399995
0.984999996
0.981399996
0.984399997
0.984799996
0.984799996
0.980599996
0.982199996
0.982399996
0.982399996
0.981599996
0.982799996
0.980199995
0.982599996
0.981399996
0.979999995
0.982399996
0.983599996
0.980599996
0.982999996
0.981599996
0.982399996
0.982199996
0.981399996
0.982399996
0.981599996
0.981799996
0.979999996
0.982799996
0.982999996
0.981599996
0.981599996
0.981799996
0.982599996
0.983599997
0.981999996
0.980399996
0.981999996
0.982399996
0.981599996
0.980199996
0.982599996
0.982799996
0.982799997
0.982799997
0.982399996
0.981999996
0.983199996
0.980399996
0.983399996
0.982799996
0.983399996
0.983799996
0.981999996
0.981799996
0.981799997
0.980799996
0.982399997
0.982399996
0.982799996
0.984199996
0.981199996
0.983599996
0.980199996
0.982399996
0.979799996
0.984399997
0.984399997
0.981799996
0.981999996
0.981799996
0.981799996
0.981599996
0.980999996
0.983799996
0.982399996
0.983199996
0.977799995
0.981799996
0.981399996
0.979999995
0.982999996
0.981999996
0.982799996
0.981599996
0.980799996
0.982199996
0.979599996
0.982199996
0.983399997
0.984199997
0.981799996
0.983199996
0.983199996
0.982599996
0.982399996
0.982399996
0.982199996
0.982799996
0.982799996
0.982799996
0.980999995
0.982399996
0.980999996
0.984199996
0.982799996
0.981599996
0.980399995
0.981399997
0.984199996
0.979599995
0.980399996
0.983599997
0.981399996
0.979999996
0.982999996
0.982399996
0.980799995
0.981999996
0.982399996
0.982399996
0.980599996
0.983199996
0.982599996
0.983399997
0.979999995
0.983599996
0.983199996
0.981999996
0.981599996
0.982799996
0.981199996
0.980799996
0.980399996
0.981799997
0.983599997
0.981799996
0.981799996
0.981599996
0.979599996
0.979999996
0.978999995
0.982599996
0.982199996
0.979599996
0.982799996
0.983399996
0.983199996
0.983999996
0.984599997
0.983799997
0.979199995
0.982399996
0.980799996
0.982599996
0.980599995
0.981599996
0.982599996
0.983399996
0.982799996
0.980799995
0.980399996
0.982199996
0.980799996
0.981399996
0.981599996
0.982599996
0.981999996
0.981999996
0.980199996
0.982799996
0.979599995
0.980999996
0.981399996
0.982599996
0.982999996
0.981999996
0.980999996
0.981799996
0.982399996
0.981599996
0.980599996
0.979599995
0.979399995
0.983199997
0.981599996
0.980799996
0.981599996
0.981399996
0.981199996
0.980199996
0.981799996
0.982399996
0.981399997
0.984399997
0.979199996
0.981599996
0.982199996
0.981799996
0.982999997
0.981599996
0.982199996
0.981799996
0.979799995
0.981399996
0.981799996
0.981199996
0.980199996
0.981799996
0.983399997
0.980199996
0.981399996
0.981399996
0.978999995
0.984399997
0.981999996
0.982999996
0.981999996
0.982599996
0.979399996
0.981799996
0.978799996
0.982799996
0.980799996
0.980599995
0.981799996
0.982799996
0.981999996
0.982399996
0.982799996
0.982599997
0.980799995
0.982799996
0.983399997
0.981199996
0.985799997
0.985199997
0.981199996
0.981599996
0.981199996
0.982199996
0.984999997
0.980999996
0.980199996
0.982199996
0.980799995
0.981399996
0.981599996
0.979799996
0.983399997
0.982399996
0.984399996
0.981599996
0.981199996
0.981599996
0.982399996
0.981199996
0.983599996
0.979199996
0.983599996
0.981799996
0.979999995
0.982599996
0.981599996
0.983999996
0.984199997
0.981799996
0.981599996
0.981599996
0.982199996
0.981199996
0.982199996
0.983999996
0.981799996
0.980799995
0.980999996
0.981199996
0.982799996
0.980999996
0.983399996
0.981599996
0.980599996
0.982599996
0.982199996
0.981199996
0.981399996
0.982999996
0.984199996
0.982599996
0.981199996
0.981199996
0.982199996
0.982999996
0.981999996
0.978199995
0.981599996
0.983599997
0.979599995
0.982199996
0.982599996
0.982799996
0.983199996
0.979999995
0.983599996
0.982399996
0.984599997
0.981799996
0.982199996
0.981999996
0.979599995
0.980399996
0.981199996
0.981199996
0.982799996
0.984199996
0.982799996
0.980599996
0.978199996
0.981199996
0.983399996
0.980999996
0.980999996
0.979799996
0.981799996
0.981599996
0.981799996
0.979999995
0.982799996
0.979599996
0.982799996
0.981199996
0.983199996
0.980799995
0.982199996
0.980799996
0.981199996
0.984399997
0.980999996
0.981999996
0.980799996
0.979799995
0.981199996
0.980599996
0.984399996
0.982399996
0.980799996
0.981199996
0.981199996
0.981199996
0.981799996
0.981599996
0.981399996
0.983399996
0.983399996
0.982799996
0.982599996
0.981599996
0.983199996
0.980799996
0.983999996
0.980199996
0.982599996
0.981799996
0.980399995
0.982799997
0.982999996
0.981799996
0.980399996
0.981999996
0.983199996
0.980399996
0.983999996
0.983599996
0.980399995
0.980799996
0.980999996
0.983999997
0.984399997
0.981999996
0.980999995
0.982999996
0.981199996
0.979999996
0.980199996
0.979399996
0.981599996
0.982399997
0.982999996
0.984599996
0.983199997
0.982399996
0.980999996
0.982999996
0.983799996
0.982399996
0.983799997
0.983999997
0.983199996
0.980999996
0.981999996
0.982799996
0.981799996
0.980399996
0.982599996
0.980999995
0.980399996
0.981599996
0.981799996
0.981599996
0.980999996
0.983799996
0.981399996
0.980999996
0.980399996
0.983599996
0.979799995
0.979999996
0.981399996
0.982599996
0.980199996
0.981399996
0.982199996
0.979999996
0.982399996
0.980399996
0.979799996
0.982599996
0.980799996
0.983799996
0.979799997
0.982199996
0.981199996
0.979999996
0.981799996
0.982599996
0.983399996
0.981599996
0.983399996
0.980599995
0.982399996
0.983799997
0.982399996
0.981199996
0.980999996
0.980599996
0.984599997
0.980999996
0.979799995
0.982999996
0.982599996
0.982999996
0.981599996
0.979999995
0.981399996
0.983799997
0.982599996
0.983999996
0.980599996
0.982199996
0.982999996
0.979799996
0.983799997
0.983399996
0.983599996
0.984799996
0.979599996
0.982399996
0.978999995
0.983799996
0.984199997
0.979599996
0.981599996
0.981599996
0.980399996
0.980599996
0.982799996
0.982999996
0.980599996
0.983799996
0.983399996
0.981799996
0.983199996
0.980999996
0.980599996
0.982799996
0.979799995
0.982799996
0.983199996
0.980399996
0.981599996
0.981799996
0.982599997
0.980399996
0.983399996
0.981999996
0.980199995
0.982399996
0.981399996
0.980799995
0.978199995
0.981399996
0.979799995
0.982399996
0.984599997
0.981799996
0.983599997
0.982999996
0.981399996
0.981599996
0.982999996
0.981799996
0.982199996
0.983599997
0.982799996
0.981199996
0.983399997
0.982399996
0.982999996
0.980999995
0.981399996
0.983599996
0.981599996
0.983599996
0.982999996
0.983399996
0.983199996
0.981199996
0.983599997
0.979399996
0.982199996
0.982999996
0.982599996
0.982199996
0.980999995
0.982199996
0.983599996
0.985199997
0.983799996
0.981599996
0.980999996
0.983199996
0.980799996
0.980999996
0.982799996
0.982799996
0.982999996
0.980599995
0.980799995
0.981799996
0.981999996
0.984399997
0.982399996
0.980399996
0.985799997
0.983199997
0.981799996
0.982399996
0.980199996
0.982999996
0.982599996
0.982199996
0.982999996
0.981199996
0.982999996
0.982599996
0.982599996
0.983399997
0.983399996
0.983999997
0.980399996
0.983599996
0.981999996
0.980599996
0.980399996
0.983799996
0.984199996
0.983799997
0.980799995
0.979599995
0.984799997
0.981999996
0.983799997
0.983199996
0.982199996
0.983599997
0.984999997
0.981199996
0.980999995
0.983599996
0.981999996
0.982599996
0.981599996
0.980999996
0.981399996
0.984199996
0.983799997
0.982799996
0.981799996
0.984599997
0.982399996
0.979999996
0.980599996
0.983199996
0.981799996
0.982199996
0.980999996
0.980999996
0.984199996
0.981999996
0.980399996
0.983199997
0.981999996
0.983999996
0.982799996
0.980599996
0.981999996
0.984199996
0.981399996
0.980999996
0.983599996
0.982599996
0.982599996
0.981799996
0.982599996
0.981599996
0.981799996
0.982399997
0.981599996
0.981199996
0.982799996
0.982399996
0.980799996
0.980999995
0.982199996
0.983599996
0.981799996
0.982999996
0.983999996
0.982799996
0.979599995
0.983999996
0.982999996
0.980399996
0.981999996
0.979399995
0.983599996
0.982399997
0.983599996
0.983799996
0.982599997
0.981799996
0.984999996
0.981799996
0.984399997
0.982599996
0.983599996
0.981399996
0.982399996
0.981599996
0.981799996
0.980799996
0.980399996
0.982999996
0.984599997
0.982199996
0.981399996
0.979399996
0.983199996
0.985599997
0.979799995
0.981199996
0.984199996
0.981199996
0.981199996
0.979799995
0.983999996
0.982799997
0.982399996
0.982599996
0.980799995
0.984399997
0.984599997
0.982199996
0.983599996
0.983199997
0.981199996
0.979999995
0.981199996
0.981599996
0.982199996
0.982799996
0.979599996
0.984399996
0.979599996
0.982799997
0.981599996
0.979999996
0.983599996
0.980199995
0.983799996
0.980399996
0.982799996
0.982799996
0.981999996
0.980799996
0.980599996
0.981799997
0.983799997
0.982799996
0.983399996
0.979999995
0.984399996
0.980799995
0.980599996
0.980799996
0.980799996
0.979999995
0.982399996
0.981399996
0.982199996
0.981199996
0.979999995
0.981199996
0.980999996
0.981799996
0.980999996
0.982199996
0.980199996
0.980599995
0.980599996
0.981999996
0.981799996
0.982399996
0.981999996
0.981399996
0.982599996
0.979999996
0.979999995
0.978599995
0.982999996
0.979599995
0.980999996
0.983399996
0.981799996
0.982999996
0.983999997
0.980999996
0.982199996
0.981799996
0.980999996
0.981799996
0.985199996
0.981799996
0.981199996
0.980399995
0.982799996
0.981599996
0.983799997
0.981399996
0.981199996
0.981599996
0.982599997
0.980999996
0.982399996
0.982199996
0.981999996
0.982199996
0.983199996
0.982399996
0.983199996
0.982599997
0.980999996
0.982399996
0.980999996
0.983399996
0.982599996
0.983199996
0.983399996
0.982399996
0.983799996
0.981999996
0.982599996
0.980999996
0.984199996
0.981799996
0.984399997
0.980599996
0.981199996
0.982199996
0.981199996
0.982799996
0.984199996
0.980799996
0.980999996
0.981199996
0.981399996
0.981399996
0.980799995
0.978599996
0.981799996
0.982199996
0.984199996
0.980799996
0.982199996
0.983799996
0.982799997
0.978799995
0.980799996
0.981799996
0.980399996
0.979999996
0.982999996
0.981599997
0.979799995
0.983199996
0.981199996
0.983199996
0.982199996
0.981999996
0.983399996
0.982799996
0.981199996
0.985599997
0.982399996
0.979999995
0.981999996
0.982399996
0.979799996
0.982399997
0.983799996
0.983999996
0.982599996
0.983399996
0.978799996
0.983399996
0.980999995
0.983399997
0.983199997
0.981599996
0.980799996
0.981799996
0.981399996
0.982599996
0.982799996
0.983999996
0.980399996
0.984199997
0.983799996
0.983199997
0.980599995
0.983599996
0.982999996
0.984399997
0.980799997
0.983599996
0.979799996
0.977999995
0.981999996
0.980599995
0.980999996
0.983999996
0.983999996
0.980599996
0.981799996
0.983999996
0.981799996
0.981599997
0.984799996
0.978999995
0.981799996
0.983999996
0.983599996
0.980999996
0.982799996
0.982799996
0.982799996
0.981999996
0.981399996
0.981599996
0.981399996
0.981399996
0.983199996
0.980999995
0.981999996
0.983399997
0.981599996
0.981999996
0.984199996
0.981399996
0.982999996
0.980599996
0.982399996
0.980199996
0.983199997
0.981199996
0.982199996
0.981399996
0.980799996
0.983199996
0.980399996
0.983199996
0.981999996
0.982599997
0.979799995
0.982799996
0.982599996
0.982999996
0.977999995
0.981999996
0.981799996
0.982399996
0.982999996
0.978999995
0.979799995
0.982399996
0.980599996
0.982199996
0.982199997
0.981999997
0.981599996
0.980599996
0.983199997
0.980599996
0.982399997
0.982599996
0.982799996
0.981399996
0.980999996
0.984199996
0.981399996
0.981799996
0.981599996
0.981599996
0.982199996
0.980799995
0.981199996
0.982799997
0.979599996
0.981799996
0.983599996
0.983199996
0.980799996
0.980199995
0.981599996
0.982399996
0.981799996
0.980599996
0.983199996
0.983599997
0.984399997
0.981999997
0.981399996
0.981799996
0.979999996
0.982199996
0.980799996
0.983199996
0.981399996
0.981799996
0.983399996
0.979399996
0.984199996
0.984199997
0.981999996
0.979799996
0.981399996
0.983399996
0.982799996
0.982799996
0.983399997
0.982399996
0.981399996
0.980799996
0.983799996
0.981799996
0.982799996
0.981799996
0.983799996
0.982599996
0.981799996
0.983399997
0.982799996
0.983399996
0.981599996
0.982599996
0.983399996
0.982199996
0.981399996
0.981199996
0.979199996
0.981999996
0.982399996
0.982399996
0.981399996
0.980999996
0.980599995
0.980199996
0.981399996
0.984599997
0.982199996
0.983999996
0.981599997
0.983399996
0.980799996
0.983799996
0.980599996
0.983399996
0.981599996
0.983599997
0.981199996
0.983799996
0.978399995
0.980999996
0.982599996
0.980199996
0.980799996
0.982399997
0.980799996
0.982199996
0.981599996
0.984199996
0.983799996
0.982999996
0.982199996
0.984599996
0.983199996
0.981399996
0.983399996
0.982999996
0.981399996
0.981399996
0.981999996
0.979999996
0.980999995
0.982999996
0.979999996
0.983399997
0.983199996
0.982999996
0.983199996
0.981999996
0.982399996
0.984399996
0.982999997
0.982999996
0.981599996
0.982399996
0.981799996
0.982799996
0.982399997
0.981199996
0.985999997
0.983799996
0.980199995
0.982399996
0.979999996
0.982199996
0.982399996
0.981799996
0.982799996
0.980599996
0.981799996
0.981399996
0.983599996
0.983999996
0.980799996
0.982399996
0.981199996
0.981399996
0.983999996
0.982799996
0.984799997
0.978199995
0.981999996
0.981999996
0.980999996
0.983599996
0.982799996
0.981199996
0.981799996
0.980599996
0.984399996
0.982399997
0.981999996
0.981799996
0.980599996
0.980199996
0.983399997
0.980599995
0.980799996
0.981599996
0.984199997
0.983999996
0.981999996
0.982599996
0.980399996
0.981999996
0.982399997
0.983799996
0.982999996
0.981599996
0.981599996
0.983399997
0.984399996
0.981399996
0.982799996
0.979999996
0.980999996
0.980399996
0.981799996
0.984599997
0.981799996
0.981599996
0.980799996
0.982799997
0.981799996
0.980999995
0.981199996
0.981599996
0.984999996
0.983799997
0.980999996
0.985999997
0.984399997
0.979799995
0.981799996
0.981399996
0.981599996
0.981599996
0.983199996
0.982399997
0.985399997
0.981999996
0.979199996
0.981199996
0.980599995
0.982199996
0.980799996
0.985199996
0.980599995
0.979399996
0.982399996
0.984399997
0.983399997
0.982399996
0.982199996
0.980399996
0.985399997
0.980799995
0.981199996
0.978599996
0.980399995
0.979799995
0.982199996
0.982799996
0.983199996
0.981599996
0.980599996
0.982999996
0.983199996
0.980999996
0.980199996
0.981599996
0.982999996
0.979599996
0.984799996
0.981199996
0.982599997
0.980999996
0.984599997
0.979199996
0.982599996
0.978599996
0.980799996
0.982799996
0.980399996
0.981399996
0.981799996
0.979999995
0.981199996
0.980999996
0.978999995
0.981199996
0.980599996
0.980999996
0.981799996
0.982199996
0.981599996
0.982599996
0.984399997
0.982599996
0.984599997
0.983799996
0.982999996
0.981799996
0.982999996
0.982399996
0.982399997
0.981199996
0.982999996
0.981599996
0.984599996
0.978999996
0.981599996
0.982599996
0.982199996
0.981399996
0.983199996
0.982999997
0.983399996
0.979799995
0.981399996
0.983199997
0.983199996
0.982399996
0.981799996
0.983199996
0.984399996
0.981199996
0.982599996
0.980599996
0.983399996
0.984599996
0.980799996
0.983599996
0.978199995
0.980799995
0.983799997
0.981599996
0.983599996
0.984599997
0.980799995
0.980799996
0.982599996
0.982599996
0.984199996
0.981799996
0.981599996
0.981999996
0.982999996
0.980599996
0.985999997
0.981799996
0.983399996
0.982199996
0.983799996
0.981399996
0.982799996
0.982599996
0.982399997
0.983799996
0.982399996
0.983199997
0.981199996
0.981199996
0.981199996
0.983199996
0.982999997
0.982599996
0.980799996
0.981799996
0.980199996
0.981199996
0.982799996
0.981199996
0.985999997
0.982799996
0.984799997
0.982599996
0.983599996
0.983399996
0.981799996
0.981999996
0.978799996
0.982199996
0.981799996
0.983199996
0.979799996
0.981799996
0.980999996
0.979999996
0.981399996
0.980399996
0.983599996
0.984399996
0.982799996
0.985799997
0.983399996
0.983399997
0.982399996
0.982599996
0.982599996
0.980799996
0.979799996
0.982199996
0.981199996
0.981199996
0.984799996
0.982799996
0.983399996
0.981399996
0.983799997
0.980399996
0.980999996
0.981399996
0.982399996
0.981199996
0.983399996
0.984399996
0.982399996
0.980399996
0.981599996
0.982399996
0.979799996
0.982799996
0.980799996
0.980799996
0.979999995
0.983399996
0.984399996
0.981399996
0.982799996
0.980399996
0.983399996
0.981599996
0.981999996
0.979399995
0.982199996
0.982999996
0.981399996
0.980599996
0.983599997
0.980399996
0.983799996
0.983399996
0.983599996
0.981999996
0.982599996
0.981399996
0.984999997
0.983599996
0.983199996
0.979199995
0.982399996
0.983799997
0.981799996
0.982999996
0.982399996
0.980199996
0.981999996
0.981399996
0.980399996
0.981999996
0.981999997
0.979399995
0.980399996
0.982199996
0.979999995
0.982399996
0.981599996
0.980999995
0.981599996
0.981599996
0.981999996
0.982799996
0.980999996
0.981199996
0.979399995
0.981599996
0.983199997
0.981999996
0.981799996
0.981799996
0.982399996
0.983399997
0.982999996
0.983999996
0.983599996
0.983199996
0.983199996
0.981399996
0.982999996
0.980199995
0.982599996
0.981999996
0.981199996
0.983399996
0.984399996
0.981999997
0.982599996
0.982799996
0.984399997
0.983799997
0.982399996
0.981799996
0.981599996
0.981799996
0.980599996
0.982399996
0.982599996
0.981799996
0.980799996
0.982599996
0.983599996
0.982799996
0.982599996
0.983599997
0.981599996
0.982599997
0.983399996
0.982999996
0.980799996
0.982599996
0.982599997
0.982799996
0.981599996
0.981599996
0.981999996
0.981599996
0.983599996
0.981799996
0.983399996
0.981399996
0.981399996
0.982599996
0.980599996
0.979999995
0.980999996
0.981999996
0.981399996
0.982799996
0.979599995
0.983799996
0.980399996
0.983599997
0.981399996
0.981599996
0.982599996
0.982599997
0.981999996
0.983199996
0.979199996
0.982599996
0.983599996
0.982199996
0.978399996
0.981399996
0.981599996
0.981599996
0.983399996
0.982599996
0.983199997
0.979599996
0.982599996
0.984199996
0.982599996
0.981999996
0.984799997
0.985399997
0.986599997
0.981799996
0.980399996
0.981599996
0.984799996
0.982399997
0.978799995
0.980599996
0.980999995
0.983999996
0.984599996
0.983399996
0.983199996
0.982199996
0.983599996
0.981599996
0.982599996
0.982599996
0.981999996
0.980999996
0.981999996
0.983399997
0.980999996
0.982999996
0.983599996
0.981399996
0.983399997
0.983199996
0.980799996
0.981999996
0.982599996
0.980799995
0.983599996
0.983999997
0.982599996
0.981399996
0.983999996
0.982399996
0.983799996
0.982199996
0.980199996
0.980599996
0.981399996
0.982399996
0.981599996
0.983399996
0.982199996
0.982799996
0.980999996
0.981399996
0.981199996
0.984399997
0.983799996
0.980999996
0.982799996
0.982799996
0.982999996
0.981399996
0.981799996
0.984399997
0.980599996
0.979799995
0.982399996
0.982399996
0.982199996
0.982799996
0.980399996
0.982199996
0.981199996
0.981199996
0.983599996
0.979999995
0.981599996
0.981199996
0.983799996
0.982999996
0.984999996
0.980599996
0.981799996
0.983599996
0.983999996
0.981999996
0.983199996
0.981799996
0.982599996
0.982199996
0.983399996
0.983799996
0.980799996
0.982199996
0.981399996
0.978399996
0.981399996
0.980799996
0.980999996
0.982799996
0.983599996
0.982199997
0.983399996
0.981799996
0.983599996
0.980999996
0.981399996
0.983599996
0.981199996
0.983599997
0.981999996
0.983399996
0.983199997
0.981799996
0.981999996
0.981799996
0.982399996
0.986399997
0.979999995
0.980199996
0.982799996
0.984399996
0.981999996
0.981599996
0.980799996
0.980599996
0.980999996
0.983399996
0.983399997
0.982999996
0.983799996
0.980799996
0.982399996
0.982199996
0.983599996
0.983999996
0.981799996
0.979399996
0.979999996
0.979999996
0.978599996
0.980199995
0.982799996
0.983999996
0.982799996
0.981799996
0.981999996
0.985399997
0.984599997
0.980599995
0.982399996
0.985199997
0.977999995
0.983199996
0.980799996
0.980399995
0.982799996
0.981799996
0.983399996
0.982599996
0.983399997
0.982599996
0.982399996
0.981799996
0.980799996
0.981799996
0.983599996
0.983599997
0.982199996
0.980599995
0.980799996
0.983599996
0.983199996
0.981799996
0.983999996
0.979599995
0.983399997
0.979599995
0.981599996
0.984599997
0.979799995
0.981599996
0.982599996
