0.238399999
0.392399999
0.530399996
0.584999996
0.630399996
0.665399998
0.655800003
0.714600003
0.6912
0.748999995
0.752400005
0.693399996
0.750199997
0.751999998
0.751599997
0.730200005
0.735000002
0.771199995
0.732199997
0.736000001
0.738999999
0.714200002
0.698799998
0.774200004
0.7824
0.743799996
0.773000002
0.750799996
0.679600006
0.750599998
0.746200001
0.770799994
0.751599997
0.763999999
0.797199988
0.76419999
0.787400007
0.818999994
0.7704
0.765799999
0.740599996
0.778000003
0.7454
0.781000006
0.778799999
0.799999994
0.784799993
0.785000014
0.751599991
0.786199999
0.785399997
0.775199997
0.784199995
0.778800005
0.789999998
0.808399999
0.792000002
0.80660001
0.802800006
0.790999997
0.775599998
0.775599992
0.795200008
0.808200008
0.787
0.741200006
0.797600001
0.795600003
0.787600011
0.753799999
0.784399998
0.775999993
0.824399996
0.770599997
0.792600006
0.808799994
0.796200001
0.7528
0.791799998
0.812000012
0.818999994
0.71680001
0.869999993
0.876000005
0.878399998
0.877399993
0.877600008
0.881799996
0.883399999
0.865200001
0.870999992
0.879800004
0.881799996
0.874000001
0.873600012
0.873000002
0.873800004
0.873399985
0.875399995
0.876599997
0.880199999
0.874799997
0.878599995
0.866599995
0.876600009
0.87719999
0.873199999
0.871000004
0.871000004
0.868600005
0.868800002
0.866600001
0.8676
0.869599986
0.880400002
0.873599994
0.870999998
0.876599997
0.866400009
0.865799999
0.87019999
0.865400004
0.878199995
0.879799998
0.875199997
0.882800001
0.871000004
0.878999996
0.886200005
0.88900001
0.879200006
0.879000008
0.881400007
0.877800006
0.873200005
0.876199996
0.880799997
0.881999999
0.876600003
0.88120001
0.884799999
0.879199994
0.880799997
0.880800003
0.881800002
0.879399997
0.887600005
0.8792
0.881000006
0.886400008
0.881000006
0.880000007
0.8764
0.878600001
0.878000003
0.880199999
0.877600002
0.877400005
0.875399995
0.876599997
0.875000006
0.8778
0.8792
0.884799993
