0.536200002
0.518400002
0.638599999
0.6476
0.694999999
0.703399999
0.689799999
0.716000001
0.761000001
0.764399999
0.7566
0.754800002
0.766400002
0.7858
0.794600003
0.805000002
0.809000002
0.809200001
0.815800002
0.817800002
0.828600001
0.828000001
0.831200004
0.841000001
0.836000001
0.8454
0.8406
0.843200001
0.851799999
0.850799999
0.850600001
0.860999998
0.851800002
0.855000002
0.8582
0.860799999
0.864
0.863999998
0.862799999
0.880399997
0.873999998
0.868200001
0.871599999
0.876199998
0.878199998
0.869599998
0.877599998
0.876799998
0.871199999
0.876199999
0.873399998
0.869599999
0.882199997
0.883199998
0.875599999
0.887399997
0.880999996
0.881399997
0.882599997
0.882199996
0.881199999
0.886599997
0.883399997
0.879999997
0.891799996
0.883399997
0.886599998
0.885799996
0.887599998
0.882199998
0.889599995
0.886599997
0.884399996
0.893599998
0.887199997
0.888599998
0.896199996
0.891799996
0.886399997
0.887799998
0.895399995
0.892199997
0.886799997
0.893799995
0.882199998
0.886799998
0.892399996
0.888999996
0.896399996
0.891999997
0.890199997
0.891799996
0.893399996
0.890799995
0.887399997
0.896199995
0.891199996
0.891599997
0.897399995
0.892599999
0.894399996
0.900599995
0.892999996
0.897599994
0.893399996
0.894399997
0.895799995
0.892799997
0.893599997
0.899399994
0.899799996
0.891199996
0.890999997
0.897999998
0.890799994
0.898799995
0.904199994
0.892199996
0.894199995
0.898199997
0.895599997
0.895199997
0.898999998
0.900199996
0.900799995
0.896399996
0.899599996
0.890999995
0.894599996
0.891799997
0.894399997
0.895799994
0.901799997
0.901599997
0.895999996
0.896599998
0.898599995
0.894599996
0.900799994
0.898999994
0.898599994
0.901399996
0.898999995
0.898999994
0.898399996
0.897199996
0.894399997
0.898399996
0.898199996
0.904199995
0.897999996
0.903599994
0.895999997
0.900999996
0.898999995
0.902199994
0.903399995
0.900999997
0.895999997
0.895199997
0.903399995
0.902999996
0.903999995
0.902199997
0.898799995
0.903599995
0.910599994
0.906199995
0.903399997
0.897599996
0.901199996
0.907199996
0.904599993
0.905999994
0.903599996
0.900799995
0.903799994
0.904599996
0.903199996
0.902799997
0.912799994
0.903399996
0.905599995
0.904999994
0.902199995
0.906599995
0.905599993
0.902599995
0.903799997
0.906599994
0.903399995
0.908999993
0.913199995
0.903199994
0.903799995
0.903199995
0.905599995
0.903399995
0.906399995
0.905799994
0.908199996
0.907599994
0.909199994
0.915399993
0.906799994
0.915199994
0.905799994
0.910399993
0.905199996
0.906799993
0.907199993
0.903399996
0.907799995
0.913599995
0.907999995
0.907199995
0.909599994
0.914199996
0.909399996
0.907999995
0.910799993
0.905999996
0.905799994
0.910999994
0.909799993
0.907199996
0.906799996
0.905999995
0.906599995
0.912399994
0.912799993
0.908199993
0.911799993
0.905999995
0.910999994
0.910799995
0.909799994
0.918199995
0.909799995
0.912199993
0.916199994
0.913199994
0.916199994
0.912999995
0.912199993
0.908399994
0.909399995
0.907199996
0.913799995
0.908599995
0.912599993
0.909599995
0.917799993
0.919999993
0.913599994
0.910199995
0.911799994
0.916599994
0.912999994
0.915799994
0.912399993
0.910399994
0.917799994
0.912999993
0.915399993
0.917599995
0.922399995
0.914799994
0.918599993
0.917799994
0.913399995
0.917199992
0.917199992
0.911999993
0.917199994
0.911799994
0.918199993
0.920199992
0.908799995
0.911399995
0.916799994
0.913599993
0.917999995
0.917399993
0.918599993
0.916399994
0.915999994
0.917199993
0.920199994
0.917199995
0.916599993
0.914999993
0.915599995
0.922199994
0.916599993
0.919599994
0.918199993
0.921199993
0.912599996
0.921599993
0.917999993
0.920999996
0.915399995
0.917799995
0.924799994
0.920599993
0.920199994
0.926799993
0.916999993
0.920399994
0.921399995
0.915599993
0.921599993
0.918999993
0.925399994
0.921599993
0.925199995
0.922799992
0.917799995
0.920799993
0.923399992
0.920399993
0.922399993
0.922999994
0.917999993
0.919599993
0.920999994
0.921999993
0.916799993
0.924199992
0.918599993
0.921999994
0.920999991
0.922799995
0.923399993
0.917599994
0.925599992
0.926799994
0.919399995
0.921199996
0.920599993
0.921799994
0.923599994
0.924399993
0.923999993
0.921599993
0.924999992
0.924799994
0.928399992
0.929599992
0.924199994
0.925399993
0.921799993
0.925199994
0.925399993
0.921799995
0.922799993
0.924999993
0.922999994
0.923399994
0.923799995
0.924199993
0.932999992
0.924399992
0.926599992
0.928999994
0.924199995
0.928399994
0.926599993
0.928199992
0.925399995
0.926599993
0.928399992
0.924999994
0.929999994
0.931199992
0.927199993
0.928599993
0.926399993
0.926799994
0.930799993
0.929599992
0.931199993
0.926799993
0.926599994
0.928599992
0.927599993
0.927799993
0.925399993
0.931599992
0.927199992
0.929399993
0.932799993
0.933399993
0.924799991
0.929199993
0.928799994
0.929599992
0.928399992
0.933799993
0.932199993
0.928399994
0.931999994
0.927599995
0.924599993
0.928199993
0.930599994
0.927399991
0.928999992
0.933799992
0.928599993
0.932199991
0.933199991
0.932599992
0.927999993
0.934199993
0.932599994
0.927799992
0.934199993
0.930799994
0.928599993
0.927599993
0.925799993
0.924199992
0.931599993
0.934199994
0.93699999
0.934999992
0.929999994
0.93519999
0.933599992
0.937599993
0.938399992
0.932199992
0.933599992
0.931999994
0.932799991
0.936599992
0.934399993
0.927399993
0.933199992
0.935199992
0.931599994
0.930799993
0.933399994
0.927599993
0.938799992
0.931599992
0.933599992
0.936199992
0.934199994
0.930599992
0.929199992
0.932599994
0.935799992
0.935199993
0.935199993
0.936599993
0.941799992
0.939199992
0.937399994
0.934999993
0.932599993
0.933999993
0.938799992
0.939199991
0.937799994
0.939599992
0.933399994
0.934199993
0.936599993
0.942799992
0.936799992
0.934199992
0.933799994
0.935599992
0.933999994
0.931799992
0.933999993
0.935999992
0.932999992
0.933999992
0.940399991
0.935199994
0.935799991
0.936199991
0.936999995
0.937599992
0.937399994
0.938999993
0.935199993
0.937399992
0.939599991
0.938399993
0.938399991
0.940399992
0.937399993
0.938799991
0.943799993
0.93739999
0.940399992
0.942399991
0.937399991
0.945999992
0.937799993
0.941599993
0.939799993
0.944799992
0.941999992
0.943599992
0.938199993
0.938999993
0.936199993
0.941199992
0.938599993
0.941999992
0.941799994
0.940599992
0.940999992
0.941599992
0.944999992
0.940999991
0.941199993
0.941999993
0.938199994
0.945399993
0.940399992
0.943999993
0.940999992
0.942399993
0.939199992
0.940799992
0.938199992
0.940799994
0.942799992
0.941399993
0.940199993
0.937399993
0.940399992
0.942799993
0.944199992
0.941799993
0.944399992
0.935999993
0.939399993
0.938199993
0.942399993
0.942199992
0.946799992
0.939999992
0.942199991
0.941599993
0.947199992
0.943799994
0.939199993
0.943199994
0.946399992
0.943799994
0.944399992
0.943799993
0.941799994
0.943799992
0.942599992
0.939799991
0.945399992
0.946799993
0.942799994
0.945799991
0.945599991
0.946999992
0.945999992
0.944999993
0.947199992
0.939999992
0.950399992
0.944199993
0.942799993
0.945799992
0.941399992
0.944999992
0.948199993
0.941199993
0.944999991
0.942199993
0.945199993
0.940399992
0.942599992
0.946799994
0.946599992
0.947999991
0.946999993
0.941599992
0.944999993
0.944199992
0.947799992
0.947999994
0.943199993
0.944799991
0.945999992
0.947599992
0.946999993
0.948799993
0.947399992
0.942999994
0.947199992
0.947599992
0.947799991
0.945799993
0.949599992
0.947799993
0.943799992
0.946999993
0.947399993
0.943199994
0.948199991
0.946799993
0.947999992
0.946199991
0.951599993
0.945999992
0.947399992
0.947199992
0.941799994
0.946999992
0.946199993
0.946799994
0.949799993
0.947399992
0.948799992
0.945599992
0.947799993
0.946199993
0.947599993
0.947399992
0.947599992
0.948599993
0.946999994
0.946599992
0.947999994
0.950199994
0.945399992
0.951799992
0.948399992
0.948599993
0.949199991
0.949399992
0.947599992
0.950999993
0.946999994
0.952999993
0.950599993
0.949599992
0.952999993
0.949199993
0.947799994
0.953199992
0.950399994
0.947799992
0.949999992
0.950999992
0.947999992
0.951399992
0.951599993
0.946999993
0.950199992
0.949999995
0.948399992
0.948599993
0.947399992
0.946599993
0.946599993
0.948999992
0.948599993
0.949599993
0.951399992
0.952799992
0.953399992
0.948999993
0.949799993
0.949599993
0.951799992
0.950999993
0.951599993
0.951599993
0.951399992
0.952799992
0.951799992
0.948999993
0.952599992
0.948999993
0.953599992
0.947799993
0.954199992
0.948999993
0.946199993
0.949599991
0.951399993
0.949199992
0.950399991
0.953999993
0.947799994
0.953199993
0.951399993
0.949199993
0.953999993
0.951599992
0.949999992
0.949199992
0.946799992
0.947599993
0.949999993
0.950399993
0.948199992
0.950599994
0.950399992
0.950399992
0.956399993
0.953599994
0.951999993
0.950199992
0.950599993
0.948199993
0.953799994
0.950799992
0.948599993
0.949399992
0.952399993
0.952999994
0.952999993
0.949999993
0.956199992
0.953199992
0.952199992
0.953199994
0.953999992
0.957599993
0.949599992
0.950599993
0.948799992
0.951199992
0.950599993
0.951599991
0.947599992
0.956999993
0.953799993
0.956199993
0.953999992
0.952599993
0.948999993
0.951599993
0.952999993
0.952599994
0.952599993
0.954399993
0.950399993
0.953999992
0.951199993
0.951999994
0.952399992
0.955399993
0.952399992
0.950799994
0.951199993
0.951999993
0.955199994
0.952999992
0.952799993
0.951999991
0.953799993
0.953599992
0.957199993
0.951599994
0.950799994
0.953199993
0.953999995
0.948199992
0.953599993
0.953599993
0.952999994
0.952599992
0.954399992
0.957199993
0.950599993
0.949999992
0.950399991
0.953199993
0.955199993
0.951999992
0.951199991
0.952399993
0.956199992
0.955999994
0.950799994
0.955799993
0.956799993
0.955799993
0.954999994
0.951399992
0.951999992
0.952999992
0.954999992
0.957999994
0.954599992
0.958599993
0.953999991
0.957799993
0.953999993
0.953199991
0.953799993
0.951799993
0.952999993
0.952399994
0.953999994
0.951999992
0.955399992
0.952199991
0.954199991
0.953799992
0.953199993
0.954799993
0.953199992
0.951999994
0.956799993
0.954799992
0.953199993
0.956399993
0.950999992
0.954399993
0.955199993
0.953599993
0.956199991
0.953799993
0.950199995
0.954599992
0.950599991
0.955199994
0.952999992
0.956399995
0.957999993
0.952999992
0.949999994
0.952799994
0.952999993
0.953199993
0.956999994
0.953199993
0.953999994
0.956199994
0.954399993
0.953999993
0.955399993
0.955599993
0.951799993
0.955999993
0.952799992
0.955399992
0.954399993
0.960999993
0.954799992
0.951399993
0.957399992
0.955999992
0.956399993
0.953599992
0.953599993
0.956999992
0.955799993
0.957199994
0.957399992
0.954999992
0.954999993
0.959599993
0.956199993
0.959199993
0.950999993
0.954999994
0.955399992
0.947999992
0.962199993
0.951799993
0.951399992
0.952199992
0.956599992
0.952199994
0.953399993
0.953199993
0.956799993
0.960599993
0.953799992
0.954599993
0.956599993
0.952599992
0.954199994
0.955399993
0.954799994
0.957599993
0.954799992
0.956599992
0.952999994
0.953599992
0.954599991
0.953799993
0.953199993
0.956199993
0.957399994
0.953399993
0.957999993
0.953999993
0.958399993
0.958199993
0.959799994
0.954799993
0.952599993
0.954999993
0.953599993
0.954399992
0.953199993
0.954599992
0.954199994
0.955999991
0.958199993
0.952999992
0.956399992
0.954599992
0.956599993
0.955399993
0.956999992
0.954599992
0.952399993
0.954999993
0.958799994
0.952399993
0.954799993
0.959599993
0.956999992
0.958199993
0.953599992
0.959199993
0.956199993
0.956799992
0.952599992
0.960199993
0.956599991
0.952999993
0.955799993
0.953599992
0.957399993
0.959599993
0.957199993
0.954799992
0.956599993
0.956799994
0.953599993
0.954799993
0.960399992
0.956799993
0.956799993
0.956799993
0.953399992
0.957799993
0.958599993
0.957399995
0.957199993
0.955599991
0.954799993
0.956599992
0.960199994
0.955799994
0.955799993
0.957799993
0.956599991
0.956599993
0.955999992
0.953999992
0.953199994
0.953399993
0.953199992
0.957999993
0.955399994
0.954199993
0.957799993
0.953399993
0.951799993
0.957999993
0.957199992
0.956199993
0.954799992
0.956999995
0.958999993
0.954599993
0.956599993
0.954199994
0.957199993
0.949599993
0.956599993
0.953999993
0.950799992
0.956999992
0.956599993
0.953999992
0.957399992
0.953999993
0.959599992
0.954999991
0.958799993
0.957199993
0.958799993
0.956599993
0.958599993
0.954599994
0.956799993
0.956799992
0.957599993
0.956999992
0.958799992
0.957799992
0.956199994
0.957399994
0.958599993
0.956999993
0.956399993
0.954199993
0.954599992
0.956399992
0.957199993
0.957399992
0.953599992
0.957399994
0.957999993
0.956599993
0.957199993
0.957599993
0.956399992
0.957999994
0.955599992
0.950999992
0.957199993
0.956599992
0.958199993
0.959599993
0.957199993
0.955399993
0.953599993
0.956199992
0.953399993
0.958199992
0.956199992
0.957999993
0.954199994
0.953999994
0.955599993
0.955999992
0.957399993
0.959799992
0.957199993
0.956399992
0.958599993
0.959399994
0.962199993
0.954999993
0.957799993
0.953999992
0.955599993
0.957199994
0.955399992
0.952999993
0.956399992
0.956999994
0.955399993
0.954199992
0.959999994
0.955999993
0.955799993
0.955399992
0.956999992
0.960399994
0.954999992
0.957399993
0.957199993
0.954999992
0.952199993
0.954599993
0.958399993
0.955199993
0.959599993
0.958199994
0.954399993
0.954399993
0.957999991
0.959199993
0.954199993
0.957599994
0.959399992
0.956799993
0.958799993
0.957599993
0.958999992
0.954799992
0.953199992
0.955999992
0.957799993
0.954799993
0.955399993
0.957999992
0.956199993
0.960599993
0.958399993
0.956999994
0.953799993
0.957599993
0.958199992
0.955599994
0.958199994
0.957799994
0.957199993
0.956999993
0.958799993
0.955399992
0.957799992
0.956999994
0.959399993
0.958199994
0.955999993
0.955799993
0.955999993
0.957999992
0.955599994
0.956799993
0.959399993
0.959199994
0.957399993
0.955399992
0.955599992
0.955599992
0.959199993
0.959799993
0.956599993
0.959799993
0.957599993
0.958399993
0.958799993
0.955999993
0.959799994
0.956799991
0.957999993
0.958399993
0.958399992
0.957799994
0.959599994
0.956999993
0.956399993
0.958799993
0.956399993
0.959399992
0.956199993
0.959399993
0.953999993
0.959599994
0.957199992
0.952599993
0.957599993
0.956399993
0.953799993
0.959599993
0.954399992
0.959799993
0.957599993
0.963199995
0.959799993
0.957799994
0.959599993
0.960399992
0.958199993
0.959399992
0.954999992
0.960399993
0.962999992
0.958599993
0.955999993
0.958199992
0.956599992
0.953399992
0.958599994
0.960399992
0.955399992
0.954599993
0.958599993
0.956999993
0.955399993
0.957599994
0.960799992
0.956999993
0.957199993
0.960199993
0.955399993
0.955799992
0.958199992
0.961199993
0.957799992
0.952199993
0.956599994
0.957799994
0.959199994
0.957599993
0.957799992
0.958799993
0.957599993
0.958599993
0.960199993
0.960599994
0.955399994
0.955399992
0.953799992
0.958599992
0.961999993
0.959399993
0.953799993
0.956399992
0.960999994
0.955799992
0.958199993
0.958799994
0.956399992
0.959199992
0.959799992
0.960999994
0.956199993
0.957399992
0.957199993
0.959399992
0.957799992
0.960599992
0.960399994
0.952599993
0.957999994
0.956599992
0.958599993
0.956399992
0.953399993
0.954799992
0.955199993
0.955999994
0.957999993
0.959199994
0.957799993
0.954599992
0.954399993
0.958799993
0.958799993
0.960799994
0.960199993
0.957799994
0.958599993
0.956599993
0.958199993
0.960199993
0.955599993
0.961799994
0.953999993
0.962199993
0.961399994
0.959399993
0.960599993
0.960199993
0.958999992
0.958999992
0.955199992
0.959199993
0.957799992
0.959599993
0.959799993
0.957599993
0.954799993
0.957399994
0.956399993
0.956799993
0.960199993
0.959199992
0.957799992
0.958999994
0.958999993
0.959399992
0.959399993
0.958999993
0.956799992
0.958999993
0.957399992
0.958399993
0.957199994
0.958199993
0.959199993
0.959599994
0.960399993
0.955999994
0.954599992
0.958199993
0.955999992
0.959999993
0.956599993
0.957199992
0.958999993
0.957399992
0.959399994
0.961399994
0.958399993
0.957799993
0.959399994
0.955799994
0.958199993
0.954799993
0.960399993
0.958999993
0.955799992
0.964199993
0.958599993
0.959199993
0.957799994
0.955399992
0.962799994
0.955999994
0.956199994
0.955599993
0.958399993
0.957399993
0.960199994
0.955799992
0.957599992
0.959199992
0.957999993
0.962599993
0.958799993
0.956399992
0.958399993
0.961399994
0.956999993
0.953399993
0.957999993
0.958799993
0.955599993
0.960999995
0.958799993
0.958599993
0.957399994
0.956199993
0.956599992
0.961399993
0.957399992
0.959999993
0.959399993
0.957999993
0.958399992
0.959799993
0.959999994
0.959799994
0.957999992
0.961199992
0.957799993
0.959999993
0.957399992
0.965199993
0.959799993
0.957199993
0.961999993
0.960799994
0.959999993
0.959599993
0.959999992
0.956999993
0.956599993
0.956399993
0.962199992
0.956199993
0.957599994
0.957399993
0.958599993
0.957999994
0.956399993
0.959399994
0.957599993
0.956199994
0.958799993
0.958399993
0.955199993
0.960199994
0.958799993
0.962199993
0.957999993
0.960999992
0.961599993
0.955199992
0.955999993
0.958399994
0.956599994
0.958399992
0.957999993
0.961199993
0.957199994
0.956199992
0.960799995
0.957799994
0.960399993
0.955399992
0.960599993
0.955999993
0.962599994
0.959599993
0.956799994
0.960199993
0.960199993
0.953599993
0.962799994
0.956399992
0.955799995
0.962799993
0.957599993
0.958799993
0.960599994
0.959999993
0.960599993
0.961199993
0.959799993
0.960199994
0.959999994
0.958199992
0.958799993
0.956399993
0.960399993
0.964199994
0.959999993
0.961399993
0.958399992
0.956799993
0.957799994
0.962399994
0.960999994
0.961199993
0.956599993
0.957999993
0.957799994
0.958999994
0.956799992
0.958399993
0.956599994
0.960199993
0.959399993
0.959799993
0.959199994
0.958399992
0.958199992
0.959399992
0.958599993
0.960799994
0.959999993
0.956999993
0.955799994
0.958999993
0.955799994
0.955999993
0.955799993
0.959399993
0.958999993
0.960399993
0.959199992
0.960399993
0.957199993
0.960599992
0.956999993
0.957599994
0.954199992
0.956399993
0.961999993
0.962199994
0.958599993
0.958199993
0.961599994
0.958399994
0.958599993
0.959599993
0.959199993
0.961199994
0.957399992
0.959599993
0.958399993
0.959799992
0.957399992
0.959399992
0.961599993
0.956399993
0.958599992
0.961199992
0.961999994
0.958999993
0.957399992
0.962799994
0.959599994
0.962599993
0.955799994
0.957599993
0.958399993
0.954399992
0.959599993
0.958199992
0.958999993
0.960999995
0.954599993
0.955799994
0.958999993
0.955799994
0.955999994
0.958599992
0.960599994
0.959599993
0.959799993
0.959199993
0.959399992
0.953399993
0.961999992
0.955999993
0.958199993
0.959399994
0.957399992
0.958199993
0.959199992
0.957799993
0.960399993
0.958399993
0.952999994
0.959799992
0.955999992
0.958799993
0.959999993
0.958399992
0.957999993
0.960599992
0.956399993
0.961599994
0.956399993
0.956999992
0.960199993
0.958199994
0.962399993
0.959399993
0.958199992
0.958799994
0.959599993
0.957399994
0.959799994
0.958399994
0.955199993
0.957599994
0.957199994
0.958799992
0.959399992
0.959399993
0.956999993
0.960599994
0.958999993
0.963799994
0.962999994
0.956399993
0.963599994
0.959799993
0.959199992
0.958199995
0.961399993
0.958799994
0.960799994
0.958599993
0.962599993
0.956399994
0.960399993
0.957599993
0.958199992
0.954999991
0.954399994
0.962199993
0.964799994
0.958199993
0.957799993
0.960199992
0.959399993
0.957999993
0.957599994
0.959599993
0.962199993
0.956599991
0.959399993
0.963199993
0.958999994
0.957599993
0.959399992
0.960399993
0.959799994
0.956599994
0.960399993
0.962199993
0.962599993
0.958799992
0.961599993
0.955999991
0.963799993
0.959599993
0.960799993
0.960199993
0.963599992
0.957999992
0.959199992
0.958199993
0.959199993
0.960199993
0.959999993
0.956799994
0.954199993
0.958999992
0.959999993
0.961199993
0.959999993
0.961599994
0.955399993
0.960199992
0.958599993
0.956799993
0.959399993
0.960399994
0.955399992
0.957399993
0.963599994
0.961199995
0.955599993
0.959599993
0.960399992
0.956599993
0.961599994
0.958999994
0.957599993
0.959599993
0.959599993
0.963399993
0.958199993
0.958199994
0.960999992
0.960199993
0.957599993
0.958199992
0.960799993
0.958999994
0.958399994
0.956199993
0.957399993
0.960799992
0.961399993
0.958199992
0.961199993
0.961599994
0.958599994
0.959799993
0.961399994
0.965999994
0.958399992
0.958399994
0.956599995
0.959799993
0.957399993
0.961799994
0.962399993
0.963399993
0.959399992
0.956399993
0.961799993
0.960999994
0.963799993
0.957999993
0.958999993
0.957799992
0.963199994
0.956399992
0.959599993
0.959999993
0.959599993
0.962399993
0.959399993
0.959399993
0.958799992
0.961199993
0.962399993
0.958199993
0.958799994
0.960599992
0.963199993
0.955399993
0.958999994
0.959799994
0.956799992
0.957799993
0.959799993
0.959599992
0.960399992
0.956999992
0.959399994
0.959799993
0.959799992
0.957399992
0.956799993
0.961399992
0.959999993
0.958999993
0.957399994
0.958399994
0.962199993
0.958199993
0.961599993
0.959199994
0.958799993
0.961199994
0.959599992
0.960599993
0.958599994
0.960999992
0.958399994
0.958999994
0.960599993
0.961399993
0.957199993
0.960799993
0.959199994
0.960199993
0.956199993
0.958999993
0.958599992
0.958999992
0.958999992
0.958399992
0.959799992
0.961199993
0.961999993
0.961199993
0.955999993
0.962799993
0.959399993
0.956999994
0.959399993
0.957199992
0.957399993
0.960399992
0.962599993
0.960599992
0.960599993
0.962399993
0.958999993
0.958199993
0.960999994
0.962199994
0.958599994
0.960399993
0.958199992
0.964399993
0.959999992
0.960999993
0.960399993
0.958999992
0.960199994
0.958999993
0.958799994
0.959999993
0.960999993
0.960999994
0.960999993
0.958599993
0.959799993
0.955599992
0.956799992
0.960599993
0.958799994
0.960599992
0.959999992
0.959399994
0.962599993
0.957399992
0.962799993
0.959599992
0.960199992
0.956399994
0.960399993
0.959599993
0.957999991
0.957199992
0.959599995
0.959199994
0.954199992
0.960999994
0.961199993
0.958399994
0.958199993
0.959999992
0.961799993
0.958399993
0.958399993
0.960999992
0.964199994
0.959399994
0.960799993
0.959199993
0.957599993
0.958199993
0.958199994
0.954799992
0.959799992
0.957199993
0.960599993
0.958599993
0.960799994
0.959599993
0.960199994
0.960599993
0.957199992
0.959999994
0.957399994
0.959199993
0.960399993
0.958399992
0.961599992
0.962799993
0.959799993
0.959999993
0.959399993
0.963399994
0.960199993
0.960799992
0.957599992
0.956599993
0.961399994
0.965799994
0.961399992
0.959599993
0.954599993
0.960599993
0.957399993
0.959599993
0.959999994
0.961599994
0.958399992
0.960199992
0.958799993
0.958599992
0.960799993
0.959199993
0.958999992
0.956199994
0.960599994
0.955799994
0.958999993
0.959599993
0.959799994
0.960999994
0.961399994
0.956399992
0.960599993
0.961199992
0.961399992
0.958999994
0.960999994
0.959199994
0.957799994
0.958199994
0.959399993
0.960399994
0.958199992
0.960599992
0.957999993
0.958399994
0.960599994
0.962799993
0.962199993
0.956799993
0.960799993
0.960199992
0.961399994
0.958999993
0.960799993
0.960399993
0.960799993
0.960999993
0.955399992
0.961999993
0.961399993
0.958799992
0.957999993
0.960999994
0.962599994
0.958199993
0.958199993
0.961599993
0.961799994
0.959199992
0.959399994
0.961799993
0.958799994
0.959599992
0.960399994
0.962799992
0.959799994
0.956199993
0.961199993
0.961199994
0.960999994
0.959999992
0.960399993
0.961999993
0.958799993
0.960599994
0.956999993
0.959999993
0.958999994
0.957599992
0.960599993
0.956199993
0.957599993
0.958799993
0.963199993
0.962399993
0.961799994
0.956599992
0.956799992
0.961999993
0.959799993
0.959399993
0.959599993
0.960799993
0.958999993
0.960999993
0.960799993
0.960599993
0.962399993
0.957199994
0.961799994
0.961199993
0.963599993
0.959199993
0.960599992
0.959399993
0.957199992
0.958599994
0.959399993
0.958799993
0.958999993
0.959199994
0.960599993
0.960799992
0.960799993
0.957999993
0.961199993
0.963199994
0.959599992
0.959599994
0.957799994
0.956799994
0.959199994
0.962199993
0.960999993
0.958999993
0.959999993
0.957999993
0.957399995
0.960399994
0.959199993
0.962399992
0.964399993
0.960799994
0.958199993
0.962399994
0.958599994
0.961999994
0.959999993
0.959799994
0.960199993
0.959199994
0.961399992
0.959999992
0.958999993
0.960999994
0.958199992
0.961799992
0.963799993
0.957799993
0.961999993
0.956999994
0.958799993
0.960799994
0.957999993
0.956799993
0.959599993
0.957599993
0.961599993
0.961599993
0.959999993
0.961799994
0.965799993
0.957999995
0.959599993
0.956399993
0.959399993
0.959599993
0.959399992
0.961999994
0.959799994
0.959599992
0.960599993
0.959599993
0.961599994
0.961399993
0.957999993
0.961399993
0.963799993
0.960999993
0.960199993
0.959999992
0.959199992
0.958199994
0.960799993
0.960799993
0.958399992
0.959399994
0.959799993
0.961399993
0.961599993
0.959199992
0.962999993
0.961799992
0.958599992
0.958799992
0.959999993
0.958799992
0.959399994
0.962599993
0.959799994
0.958399992
0.956599993
0.954199993
0.960599993
0.956399992
0.961199993
0.960199993
0.961599993
0.961199993
0.961399993
0.959199992
0.962199994
0.958799992
0.959799992
0.960599994
0.961599993
0.959999994
0.959799992
0.961399992
0.960999993
0.958799993
0.961999993
0.957599993
0.960999994
0.958399992
0.961799993
0.960199993
0.959199993
0.959599994
0.959599993
0.961199994
0.959199993
0.960999994
0.958199993
0.963999994
0.958399993
0.961399992
0.961399992
0.958199993
0.960799994
0.958399992
0.961999992
0.958399993
0.960399993
0.961999993
0.960199992
0.963999993
0.961399992
0.960799993
0.959999993
0.956399993
0.958599993
0.965199994
0.960399992
0.961599994
0.957199993
0.961399994
0.961599993
0.956799993
0.957599994
0.961399994
0.958799993
0.957599993
0.958199995
0.960399992
0.962399994
0.961399993
0.961799994
0.958599993
0.958799993
0.958599993
0.960599995
0.960999994
0.960599993
0.959199992
0.955999992
0.959599992
0.957199993
0.959199992
0.954799994
0.959599992
0.964799994
0.960999993
0.960399993
0.960799992
0.961999993
0.958599993
0.958799994
0.961999992
0.962399995
0.959599993
0.959399992
0.959999993
0.960999993
0.961199993
0.960999993
0.961599994
0.960199994
0.960999994
0.956999992
0.960799993
0.959799993
0.960999993
0.959799993
0.957799993
0.960199992
0.960599993
0.961799993
0.963399993
0.959399993
0.960799994
0.959599992
0.958399993
0.957799994
0.960799993
0.958599992
0.957799994
0.956999993
0.961399993
0.962399992
0.959399993
0.961999993
0.960399994
0.960999993
0.961999994
0.955799993
0.960799992
0.959999993
0.959599993
0.964599994
0.960399993
0.956399994
0.961399993
0.960999994
0.959599992
0.960599994
0.962399994
0.958199994
0.959199992
0.960999993
0.961599993
0.955399993
0.961399992
0.957599994
0.966199995
0.961799993
0.957599992
0.961199993
0.960799994
0.959999994
0.958399993
0.956399993
0.958999993
0.960199991
0.960999993
0.961599993
0.961599993
0.960599993
0.959199994
0.965999993
0.960799993
0.965199993
0.959799992
0.961999993
0.959199994
0.961199994
0.960399993
0.961399995
0.957999992
0.959599993
0.962999994
0.958999994
0.960399992
0.956599993
0.962199993
0.961599992
0.958599993
0.960399993
0.960199994
0.962199993
0.961599993
0.959799993
0.959799993
0.957999994
0.960199992
0.961199993
0.961399994
0.959599993
0.957799993
0.960999993
0.959999992
0.961799993
0.962599994
0.961799993
0.959999993
0.962599993
0.961799993
0.958999992
0.959399993
0.959799994
0.959999992
0.958199992
0.961199993
0.961199993
0.959999993
0.957799995
0.959999992
0.956199992
0.957799993
0.958599993
0.960799993
0.961799993
0.961399993
0.961999993
0.961199993
0.960199993
0.959599993
0.959999992
0.959999993
0.957799992
0.962399993
0.962999994
0.957799993
0.960599993
0.959599992
0.959999993
0.957999993
0.961199992
0.960399992
0.959999993
0.960799995
0.960999993
0.962199993
0.962799994
0.961399993
0.961999994
0.965599993
0.962599993
0.961199993
0.959199994
0.959399993
0.957799992
0.959799993
0.962599993
0.960799993
0.962199995
0.957599993
0.962999994
0.964799993
0.959599993
0.960399994
0.958799993
0.961799994
0.959799993
0.961799993
0.962399992
0.959799993
0.958399993
0.959999993
0.962999994
0.960799992
0.960399992
0.961799994
0.958399993
0.960199993
0.957999993
0.963999992
0.958999993
0.960399993
0.962999994
0.963599992
0.959999992
0.955999993
0.957199993
0.962399994
0.958799994
0.959599994
0.960199993
0.960399994
0.961399993
0.961599994
0.961399995
0.957399992
0.961799994
0.957599992
0.959599992
0.960599993
0.959199994
0.961399993
0.958399994
0.959799992
0.957199993
0.961999993
0.963999993
0.961599994
0.955999992
0.960599993
0.960799993
0.959199993
0.961199993
0.958799992
0.958999993
0.961799993
0.961199994
0.960999993
0.960599994
0.961399993
0.960399992
0.961999993
0.959199993
0.956999992
0.962399993
0.960399993
0.960999993
0.958799994
0.962799994
0.958999993
0.959999994
0.960599994
0.957599992
0.960999994
0.961799993
0.962199993
0.958999992
0.962999993
0.960399993
0.962399994
0.959199992
0.959799993
0.961999992
0.959599993
0.963199993
0.957799995
0.958799993
0.963199994
0.963399993
0.957799993
0.961799993
0.964799993
0.959999994
0.962599993
0.957199993
0.959399993
0.962199994
0.962799994
0.960399993
0.959999993
0.959399993
0.955999993
0.958999993
0.959199993
0.962399993
0.961399993
0.958199994
0.957799993
0.961999993
0.963999993
0.959999993
0.958999992
0.960599993
0.963199994
0.962599993
0.959799992
0.962799993
0.958999993
0.960599993
0.959399992
0.959199992
0.961199993
0.963199993
0.959599992
0.961599993
0.959199993
0.961399993
0.961399995
0.961999994
0.962799994
0.959599993
0.961599993
0.962799993
0.958199994
0.960199992
0.961799994
0.958799993
0.960799993
0.961999992
0.961399994
0.962199994
0.962599993
0.956999991
0.958199993
0.960999994
0.960199993
0.962999993
0.958199992
0.962999993
0.960399993
0.958999993
0.961199993
0.960799992
0.961399993
0.964199993
0.963599994
0.962599993
0.959799993
0.961799994
0.955999992
0.962199993
0.961599993
0.960399993
0.960599992
0.960999992
0.960599993
0.965999994
0.962799994
0.958799993
0.955799992
0.961599993
0.961399993
0.960999993
0.960999993
0.963199993
0.959399993
0.961399994
0.961999993
0.962399994
0.959799993
0.960799993
0.957599993
0.960599993
0.960999993
0.960599993
0.961599994
0.960999992
0.960999994
0.963399993
0.958799993
0.961599992
0.958399993
0.959799994
0.959599994
0.962799994
0.961199993
0.959799993
0.959399993
0.961399992
0.962799994
0.956399993
0.962199992
0.962399993
0.960199994
0.962399993
0.960999994
0.962399993
0.960399993
0.960199992
0.955399994
0.959799992
0.962399993
0.960999993
0.958199992
0.959599993
0.963799994
0.962599994
0.962199994
0.960199994
0.959399993
0.961799994
0.961599993
0.957199992
0.956999991
0.959599994
0.960199993
0.961799993
0.963199993
0.963799993
0.962399993
0.962799994
0.960799993
0.960999994
0.959799993
0.961799993
0.958599992
0.958199992
0.961599993
0.959799993
0.959799993
0.960799993
0.958599993
0.958799994
0.961999993
0.959599994
0.962199993
0.958999993
0.959999993
0.957999994
0.961999994
0.960199994
0.960199993
0.962999993
0.958399993
0.961199993
0.962799993
0.960599995
0.963399992
0.960799993
0.960799993
0.962199993
0.960399993
0.958599993
0.962199992
0.958399993
0.963199993
0.961199994
0.962199993
0.959399994
0.961599994
0.960799993
0.955999992
0.961199993
0.960199994
0.958799993
0.960999993
0.958399993
0.960999993
0.960199994
0.965199993
0.957799994
0.959799993
0.959799993
0.961999994
0.959999992
0.958399993
0.961399994
0.963599993
0.961999993
0.961399992
0.960399993
0.962999993
0.961799993
0.964199993
0.959599992
0.961399993
0.962399992
0.961599993
0.958199993
0.961999993
0.957999993
0.959999993
0.957599993
0.959999992
0.959199993
0.962399993
0.959999994
0.958199993
0.961999994
0.961799994
0.958599993
0.961199994
0.961799994
0.964999994
0.960599993
0.961799993
0.962199992
0.963399993
0.961199992
0.960799993
0.958999992
0.959199993
0.959399993
0.958399994
0.960599993
0.959599994
0.963599993
0.959799993
0.958599993
0.960399993
0.958599993
0.964199993
0.959999994
0.961399992
0.959999994
0.959599993
0.961599994
0.964199993
0.958199992
0.959599993
0.957599992
0.961599993
0.964799994
0.957799992
0.959599993
0.960199993
0.961599993
0.961399993
0.961399993
0.962599993
0.960599993
0.965999994
0.957999993
0.959399993
0.958999994
0.961999994
0.959399993
0.961999993
0.962399994
0.959599992
0.963599994
0.959399993
0.963599993
0.957399993
0.957199992
0.964399993
0.960199994
0.962599993
0.961199993
0.958199994
0.960999993
0.961599993
0.961599994
0.960999993
0.961399992
0.960999994
0.959999993
0.960399993
0.963399993
0.958799994
0.963799993
0.955599992
0.962599994
0.958199993
0.964399994
0.962999993
0.960999994
0.960999993
0.961199992
0.963399993
0.957399992
0.958199993
0.959199993
0.959999993
0.959399992
0.959399993
0.957799992
0.960399993
0.958599991
0.962399992
0.959799993
0.958999993
0.960599993
0.959999993
0.961399993
0.963399994
0.960999993
0.958199992
0.962599994
0.964999994
0.962199993
0.960399993
0.958599992
0.961799993
0.961199994
0.962199994
0.960999993
0.964399994
0.960599993
0.962799993
0.960399993
0.961199994
0.963999993
0.964399993
0.962999993
0.963599993
0.963599994
0.961199994
0.962799993
0.960399993
0.956999993
0.954599994
0.956599993
0.961999993
0.962199994
0.962599993
0.959599993
0.961999993
0.961599993
0.959799993
0.959199993
0.964199993
0.960799992
0.960399992
0.961599995
0.959799994
0.961199993
0.962799994
0.961399993
0.955799994
0.959799994
0.959599992
0.963599994
0.960199994
0.959399994
0.962999993
0.959399994
0.960399993
0.961799994
0.959599994
0.960999993
0.961199993
0.963799993
0.958999993
0.960199992
0.960799993
0.960999993
0.964199994
0.960599993
0.959199993
0.961999993
0.962199993
0.965199993
0.962399993
0.956799993
0.961399993
0.959999993
0.962799993
0.962799993
0.961999994
0.960599993
0.963999993
0.961999992
0.965199994
0.959999993
0.962399994
0.959599993
0.961799993
0.963199994
0.963799993
0.959599994
0.963399993
0.962399994
0.959999992
0.960199994
0.962599994
0.958999993
0.963399993
0.959399992
0.961799994
0.959199992
0.959599993
0.959799993
0.960399993
0.961599993
0.959999993
0.959599993
0.962199993
0.958799994
0.959999992
0.961799994
0.961199994
0.955999993
0.958599994
0.959199993
0.960199994
0.960199993
0.964399993
0.966199993
0.962599994
0.960599993
0.959399992
0.960999993
0.961799993
0.961599994
0.961599994
0.964599994
0.964199993
0.961199994
0.957999992
0.958999993
0.965599995
0.959399994
0.961799993
0.960199993
0.961399992
0.962199993
0.962399993
0.961399993
0.960999993
0.963599993
0.961999992
0.960999992
0.961199993
0.961599992
0.961599992
0.961799993
0.962199993
0.962399992
0.963599993
0.957599993
0.962999993
0.959799992
0.962199994
0.960799994
0.959799993
0.959399993
0.963599994
0.963199992
0.960999992
0.961799994
0.960799993
0.962599993
0.961399993
0.958599992
0.959599994
0.963399993
0.964799993
0.959799992
0.963199994
0.959799994
0.959599994
0.955599993
0.962199994
0.959799993
0.960799993
0.962399993
0.963599993
0.963599994
0.963999994
0.959799994
0.963399993
0.961399993
0.963599993
0.959999994
0.957399993
0.963599993
0.961999994
0.959399993
0.962199993
0.961799993
0.961599993
0.960999992
0.959599993
0.962199994
0.962599993
0.959599993
0.958799994
0.961599993
0.958399994
0.961799993
0.965799994
0.959799993
0.962399993
0.962399994
0.960799993
0.953799992
0.961199994
0.960199993
0.960199994
0.959599994
0.962199994
0.961199993
0.960799994
0.958799993
0.963799994
0.959599993
0.958199992
0.963599995
0.959199992
0.957999993
0.959799993
0.960599993
0.962199992
0.957999993
0.964399993
0.958799993
0.959999992
0.957799993
0.964799994
0.961999993
0.958799993
0.961599994
0.960199992
0.956199992
0.963799994
0.961799993
0.961399993
0.960399994
0.959199994
0.956799994
0.962199993
0.962199993
0.961999993
0.958599993
0.957599992
0.961399993
0.960599993
0.958799993
0.964599992
0.957999993
0.960799993
0.960399994
0.961399993
0.957999993
0.961999993
0.961999993
0.962199994
0.960999993
0.961199993
0.959799994
0.956599992
0.958599993
0.958799992
0.960599993
0.957599992
0.963399993
0.961199992
0.961199992
0.963599993
0.958999993
0.961799992
0.960799994
0.964599993
0.961199993
0.961999994
0.962799993
0.959199992
0.962599993
0.959799993
0.957599992
0.961799994
0.962599994
0.963399993
0.960599992
0.961399993
0.964999994
0.960199994
0.962399993
0.960599993
0.961399993
0.958799993
0.960799993
0.962199994
0.964799994
0.962799994
0.959399993
0.959599993
0.959599993
0.961999994
0.959199993
0.963199994
0.963999993
0.962999993
0.956599993
0.960999994
0.962199993
0.958599993
0.959799992
0.961799992
0.959399993
0.960599994
0.963199993
0.962399993
0.960399994
0.962199995
0.961399994
0.959399992
0.959199993
0.963199992
0.958799993
0.962399994
0.959999992
0.961999994
0.961199993
0.961199992
0.962599993
0.962799994
0.958599993
0.959199993
0.960799993
0.964399993
0.960799994
0.963199994
0.962399993
0.961599993
0.961399993
0.962199994
0.958199992
0.962399994
0.962599993
0.961199992
0.960799992
0.965999994
0.959199994
0.961199993
0.964399993
0.960399993
0.961399994
0.961599993
0.961599993
0.960199992
0.957399994
0.963199992
0.960599994
0.961999992
0.962599993
0.959999993
0.962199993
0.963399994
0.962399992
0.959799994
0.960999993
0.958399992
0.962799993
0.960799993
0.961799993
0.961599993
0.960999993
0.961399993
0.960599993
0.963599993
0.963199994
0.960599992
0.958199992
0.959199991
0.963599993
0.963399994
0.957999993
0.962999995
0.963399993
0.962799994
0.960999994
0.961199992
0.962799993
0.963199993
0.959799993
0.961199994
0.962199994
0.960799993
0.963799993
0.958799994
0.958199993
0.961399992
0.961599993
0.961599993
0.958999993
0.962199993
0.959399993
0.962999993
0.960799993
0.960199993
0.960599992
0.960599993
0.959799993
0.958999993
0.964799993
0.960199993
0.960199994
0.961399993
0.960799993
0.960799994
0.960799994
0.960399994
0.958999995
0.959999992
0.959399994
0.962399994
0.960999993
0.960599993
0.959799994
0.964199994
0.963599994
0.961199993
0.964799994
0.961599994
0.962999993
0.961999993
0.961199993
0.961399993
0.964399993
0.961199993
0.962799994
0.960799993
0.964599993
0.959799994
0.960399994
0.957399993
0.963799993
0.962399994
0.961399994
0.960799993
0.963399994
0.963199994
0.961999994
0.964599994
0.964799994
0.960599994
0.961599993
0.961399993
0.960599993
0.961599993
0.963399994
0.961399993
0.960799993
0.964599992
0.958999994
0.961999994
0.958799993
0.960999993
0.964399994
0.961799992
0.964999994
0.966399994
0.960599992
0.961199993
0.960799994
0.963199993
0.958999994
0.962399993
0.961599993
0.962999994
0.961399994
0.963999993
0.962199993
0.967199993
0.960399993
0.963599993
0.959599994
0.968399995
0.962799993
0.961999993
0.960599992
0.962799993
0.959599993
0.959799993
0.958399992
0.961799992
0.957999993
0.962999993
0.961599993
0.960199993
0.958199993
0.960599993
0.962399994
0.960599993
0.961799993
0.958399994
0.959399993
0.958399992
0.964399993
0.962999994
0.961199993
0.962599993
0.963199993
0.963199994
0.959399992
0.962199993
0.960799993
0.962999993
0.958999994
0.961599994
0.961399994
0.965599994
0.958999993
0.961399994
0.959999993
0.959199994
0.960399994
0.962999993
0.958799993
0.963199994
0.959199993
0.965399993
0.960799994
0.961399992
0.958399992
0.963599993
0.962599993
0.958399994
0.961399993
0.961799993
0.961599993
0.959599993
0.960199993
0.958799993
0.962999994
0.960399995
0.959399995
0.962999993
0.961399993
0.964199993
0.961799993
0.957799993
0.958599993
0.963599992
0.966799993
0.961999993
0.961599993
0.962199993
0.963599993
0.961799992
0.964999993
0.963199994
0.961999994
0.961599993
0.964399993
0.960599993
0.965199993
0.963999994
0.962599993
0.963999993
0.961999993
0.962199994
0.960199993
0.960799993
0.961799994
0.960399994
0.960799994
0.963399994
0.961599993
0.959399994
0.958799992
0.960599994
0.962199993
0.962999993
0.962399992
0.963999994
0.963599993
0.959799994
0.963799993
0.965999995
0.958199993
0.960799993
0.963199994
0.962799993
0.963999994
0.964799994
0.963599994
0.961599995
0.959399994
0.961999993
0.961199993
0.963199993
0.961599994
0.961199993
0.960199993
0.962399994
0.962799994
0.961599993
0.960399993
0.961199993
0.960799993
0.961999992
0.960199993
0.962799994
0.962399993
0.961999993
0.963399994
0.960199993
0.961799995
0.963599993
0.960399994
0.959999993
0.962399994
0.960999993
0.964399993
0.960599994
0.957399993
0.960599994
0.958599993
0.961199992
0.961199994
0.958799992
0.963799992
0.962799994
0.965199994
0.963599993
0.957999993
0.963199993
0.961799994
0.961799992
0.962399993
0.966799994
0.961799993
0.960599993
0.961199993
0.958199992
0.960599993
0.962599994
0.960999993
0.961799994
0.961199994
0.962799994
0.962799993
0.962399993
0.964399994
0.959599993
0.957599993
0.962599993
0.964399993
0.961799993
0.959599992
0.961399994
0.958599993
0.958999992
0.965399994
0.959199992
0.961999993
0.960599993
0.958399993
0.959799993
0.961799993
0.959399993
0.964799994
0.961999994
0.964399994
0.961599993
0.964199994
0.958599993
0.961199992
0.959199993
0.965199993
0.961199993
0.960799992
0.959199993
0.961199994
0.962199993
0.962599993
0.962199993
0.961999994
0.958799993
0.962199993
0.962199993
0.964199993
0.961599992
0.963399994
0.958399992
0.961599993
0.959599993
0.962999994
0.962399993
0.961799994
0.962799993
0.963599994
0.962199993
0.962199993
0.962999993
0.960999993
0.967399993
0.960799993
0.961799994
0.960599993
0.962399993
0.959799993
0.960999993
0.959199992
0.960199993
0.965399992
0.960199992
0.962599993
0.961399993
0.962799994
0.962399994
0.959599992
0.963999993
0.961599994
0.961599994
0.962999994
0.962799994
0.959799992
0.962799992
0.962199994
0.960199993
0.965799994
0.961599993
0.963799994
0.959799994
0.963199993
0.962599993
0.959199992
0.960399995
0.963199994
0.964599993
0.963599994
0.961999993
0.963399994
0.961199992
0.963799994
0.956999994
0.957799993
0.962999995
0.958599993
0.960199993
0.962999994
0.960399993
0.961999993
0.963399993
0.962999994
0.962599994
0.963399993
0.958999992
0.962999993
0.961199993
0.957199993
0.959199993
0.961799993
0.960399993
0.966199993
0.960999993
0.963799993
0.963599994
0.962799994
0.960199994
0.960399992
0.959199993
0.964399993
0.958199993
0.959999993
0.963599993
0.961199993
0.959199993
0.964799994
0.960399992
0.958599992
0.958999993
0.962999993
0.965599993
0.961799993
0.958799993
0.963199992
0.958599994
0.962599993
0.966199994
0.959999992
0.964599993
0.959999993
0.961599992
0.963599993
0.961999995
0.963199993
0.962199993
0.960199993
0.966599993
0.963599993
0.960999993
0.958599994
0.965599993
0.963199993
0.963199993
0.961999993
0.963599993
0.962999993
0.961399993
0.960199994
0.960999993
0.963999993
0.962199994
0.962199993
0.960399993
0.961999992
0.962799993
0.958199994
0.963999993
0.960399994
0.963399993
0.960799994
0.962199994
0.961999992
0.961999994
0.962999994
0.958199994
0.961999993
0.962599993
0.958999992
0.960199993
0.964399994
0.962599994
0.961399993
0.962399993
0.960599994
0.964799994
0.960199993
0.958799992
0.964799994
0.962199994
0.964799994
0.957799993
0.961399995
0.963199994
0.961399993
0.960599994
0.959999992
0.961399993
0.962799993
0.960599993
0.962599993
0.962799993
0.964599994
0.963799994
0.961599993
0.962199993
0.961399994
0.963799994
0.961399993
0.963199993
0.962799994
0.960199993
0.962999992
0.964999994
0.963999993
0.960599993
0.960599993
0.961799994
0.960399992
0.960599993
0.961999993
0.960199993
0.961999993
0.963999993
0.960799993
0.960799992
0.961199994
0.962199993
0.962199995
0.960599993
0.964199994
0.963199993
0.958999992
0.962799993
0.957799992
0.958999993
0.960999994
0.960799992
0.963799994
0.962199992
0.959999993
0.964799994
0.959399993
0.964599992
0.963999993
0.963599993
0.960999992
0.961399992
0.961599993
0.959799993
0.959199993
0.960399993
0.964599994
0.963799994
0.964999994
0.961199993
0.960999993
0.962399994
0.961999994
0.962399993
0.960799993
0.962999993
0.963199994
0.961999994
0.962599994
0.961999993
0.960999994
0.965199993
0.958999993
0.962599995
0.960799993
0.961399993
0.957999992
0.962599993
0.963599993
0.960199994
0.964399994
0.965199993
0.963199994
0.963599994
0.962999994
0.958999994
0.962399993
0.964599993
0.962999995
0.962799993
0.959199993
0.960599993
0.959599993
0.961399993
0.962799994
0.961799992
0.964399993
0.957999993
0.961199993
0.960399993
0.965199994
0.959599992
0.964799993
0.962599994
0.960599992
0.962999993
0.962799993
0.961599993
0.963599993
0.961199992
0.962799993
0.961799993
0.961999993
0.963199994
0.962599993
0.960999994
0.961799993
0.960999994
0.958799993
0.961199993
0.959399993
0.959599993
0.961199993
0.964399992
0.961999993
0.961999993
0.964399994
0.959399992
0.962999994
0.960999993
0.962199994
0.964399994
0.963999993
0.964199993
0.960599993
0.962199993
0.959599992
0.961599994
0.962799995
0.963399993
0.964599994
0.962999994
0.963599993
0.961199993
0.957999992
0.958799993
0.964599993
0.961799994
0.962399993
0.962599994
0.961399993
0.963599994
0.957799993
0.961199993
0.960799993
0.962999993
0.961599993
0.963799993
0.960599993
0.959999993
0.962999994
0.960199994
0.959599993
0.960399993
0.959199992
0.962199993
0.965199993
0.961599993
0.961399994
0.959799994
0.959999993
0.961399992
0.963999994
0.962799993
0.961599993
0.963199994
0.963599994
0.960599993
0.960399992
0.962199994
0.962999993
0.958199994
0.963399993
0.962999993
0.963399992
0.966599993
0.962199993
0.958999993
0.961999993
0.959599992
0.960799994
0.960399993
0.960999993
0.960799994
0.964199993
0.960599993
0.960399993
0.959999994
0.960799993
0.957399992
0.962399992
0.965399994
0.962199994
0.967599994
0.967199994
0.957399993
0.961999994
0.962999994
0.961799993
0.963599993
0.963799994
0.959799993
0.962199994
0.961999993
0.959199994
0.964399993
0.961999993
0.963799994
0.959799994
0.965799994
0.961399993
0.960399993
0.962999993
0.961799994
0.964199993
0.960799993
0.962199994
0.962199994
0.959599993
0.960799994
0.962199993
0.959599993
0.966199994
0.960399993
0.960199993
0.964399994
0.964799993
0.963599993
0.964799994
0.961999993
0.961999993
0.966399994
0.965199993
0.963799993
0.960999993
0.961999993
0.960799993
0.966799994
0.962399994
0.963599994
0.962999994
0.961199992
0.960799993
0.960399992
0.963599993
0.961999993
0.963799994
0.961799993
0.962599994
0.962999994
0.961199992
0.961799993
0.961999994
0.963599993
0.961399993
0.959199993
0.961799993
0.958399994
0.964199994
0.965199994
0.960799993
0.961199994
0.965399994
0.959799994
0.962399994
0.962599993
0.960199992
0.963799994
0.964799994
0.964599994
0.963399994
0.960599994
0.964999993
0.961599993
0.960199992
0.960999992
0.963199993
0.962199992
0.960399992
0.960999994
0.961999993
0.961199993
0.961799993
0.966199994
0.957799992
0.962199993
0.960799993
0.961399994
0.960199994
0.965399993
0.959399994
0.963199993
0.963999992
0.961799995
0.962399993
0.959399992
0.958199993
0.957799994
0.963799993
0.961199993
0.959999993
0.962199994
0.964199993
0.958599993
0.961999994
0.959199993
0.962399992
0.963799993
0.959799993
0.966799993
0.964599993
0.960799993
0.963999993
0.961599994
0.959599992
0.961599994
0.961599993
0.963999994
0.963799994
0.959999994
0.959799993
0.962399994
0.962999992
0.963199995
0.961799993
0.962999993
0.962399993
0.963599994
0.963199994
0.962799994
0.959599993
0.962199993
0.961999993
0.958199994
0.962799993
0.962599994
0.964399993
0.963799994
0.965799994
0.964599993
0.963599994
0.961199993
0.962399993
0.962399992
0.963199993
0.963799994
0.963999995
0.962799994
0.962599994
0.964599994
0.960599993
0.959399992
0.963999994
0.958999994
0.964599993
0.964199994
0.962799993
0.957199992
0.962999994
0.961199995
0.959799994
0.961799992
0.960599994
0.959999994
0.957399993
0.964399994
0.960799993
0.961399993
0.961799993
0.961599993
0.960599994
0.960999993
0.960799993
0.961199993
0.963599993
0.961599993
0.962199994
0.959799992
0.960799993
0.962999994
0.964599995
0.963999992
0.960599993
0.962399993
0.962999995
0.963599994
0.962199994
0.963999993
0.957799993
0.960399993
0.964599993
0.964199994
0.966199992
0.957599995
0.958599993
0.962399993
0.960199994
0.964199994
0.962799993
0.965399994
0.961399993
0.966199993
0.962799993
0.962199995
0.961199993
0.961199995
0.959599993
0.961599993
0.962199994
0.962999993
0.963799994
0.959399994
0.960999993
0.962799993
0.961399993
0.960799993
0.961799994
0.962999993
0.964599993
0.961599993
0.961599994
0.963199993
0.962399993
0.959399993
0.963199994
0.963999993
0.963399993
0.963999993
0.963199993
0.963599993
0.963999993
0.960399993
0.965599993
0.962599994
0.963399992
0.959199993
0.961199994
0.964799994
0.960999993
0.961799993
0.963599993
0.962799993
0.959999994
0.960799993
0.963799994
0.964399994
0.965799994
0.962799993
0.964799993
0.965199993
0.963599993
0.961999993
0.963199994
0.963399993
0.959199993
0.961799993
0.963599994
0.959799993
0.961199992
0.961999993
0.962199994
0.960999993
0.963599994
0.961799993
0.963599994
0.966599994
0.960999992
0.961999994
0.961999994
0.961199992
0.959799993
0.961799993
0.962199993
0.962199994
0.963999994
0.963999992
0.964999994
0.960399992
0.964799993
0.961399993
0.959799993
0.963199994
0.964799994
0.961799994
0.963799993
0.960799994
0.959799993
0.961999994
0.961799993
0.960599993
0.962999993
0.963999992
0.957999993
0.961999994
0.961599993
0.963799993
0.958599993
0.960999993
0.962199993
0.962799993
0.961199992
0.963199993
0.959799993
0.963799993
0.965399993
0.960199993
0.963199993
0.963599994
0.957399992
0.959599993
0.960999993
0.964599993
0.961599993
0.964399993
0.960399993
0.963599993
0.962599993
0.962799993
0.961799992
0.959399993
0.962199992
0.959999993
0.965199993
0.962199994
0.959199993
0.961799992
0.963799994
0.961599993
0.961399993
0.962599993
0.959399993
0.962399993
0.965599994
0.960799993
0.962999995
0.961399993
0.964199995
0.960799993
0.962999993
0.961599993
0.959799992
0.962999994
0.961999993
0.963999994
0.961199993
0.963399993
0.962399993
0.963799994
0.962799993
0.962199993
0.964399994
0.961599993
0.962399993
0.962599992
0.962799994
0.964999994
0.959799993
0.963399993
0.961799993
0.960599993
0.963599994
0.959399993
0.961599994
0.962199994
0.962799993
0.962799993
0.962199993
0.963799993
0.962599994
0.958799992
0.958199993
0.964999995
0.964799994
0.962599994
0.965199994
0.960799993
0.963599993
0.963399993
0.963799994
0.961999994
0.962999993
0.957799993
0.965399994
0.958799993
0.959599993
0.962399993
0.962799993
0.967199993
0.960599993
0.960599993
0.960199994
0.963599993
0.961399993
0.962199993
0.961399993
0.964199994
0.963199992
0.961399994
0.963199993
0.966599995
0.959999993
0.965599993
0.963799993
0.961399992
0.959399994
0.961599993
0.960399993
0.965799994
0.959999994
0.957799994
0.963399994
0.965599993
0.959199993
0.965199994
0.964399994
0.960599992
0.961799993
0.964599993
0.963799992
0.963599993
0.961199994
0.960399994
0.959799993
0.959999992
0.960799993
0.962399994
0.962999993
0.961399994
0.963199995
0.961999993
0.961199994
0.961999994
0.963799993
0.963199993
0.962999993
0.962799993
0.962199992
0.962399993
0.963399993
0.960399993
0.960999994
0.959999993
0.962799993
0.960999993
0.963799993
0.962599994
0.961199993
0.963999993
0.962599994
0.963999994
0.960999994
0.963799994
0.958199993
0.962799994
0.961199993
0.963799994
0.962999993
0.962199993
0.960799994
0.964399994
0.960999993
0.965399994
0.960799994
0.962999994
0.964999994
0.963399993
0.959999994
0.963199994
0.961199992
0.965399993
0.959599993
0.961799993
0.961199994
0.961199993
0.964599994
0.965199994
0.962399993
0.963399994
0.960799992
0.960799994
0.960599993
0.961999993
0.963199993
0.963599993
0.964399993
0.962399993
0.958599994
0.963599993
0.962999993
0.961999993
0.961399993
0.966399994
0.958399993
0.961799992
0.961399993
0.961999992
0.964199993
0.962599993
0.962199993
0.957999993
0.961399993
0.963999993
0.962799994
0.960999993
0.962199994
0.961799993
0.963399994
0.961399993
0.961399993
0.963599993
0.962199993
0.960799993
0.965999994
0.964399993
0.965599994
0.962399993
0.962199993
0.961999993
0.962799993
0.966599993
0.961999994
0.960799993
0.965199995
0.964999994
0.964799993
0.963999994
0.960199994
0.965399993
0.962399993
0.962199993
0.963799993
0.963399994
0.960599994
0.962999994
0.961199993
0.961799993
0.960799993
0.960999994
0.965199994
0.957599993
0.960599993
0.962799993
0.960799993
0.962199993
0.960799993
0.961199994
0.958599993
0.960399993
0.960799994
0.961999993
0.962999993
0.964799994
0.962799993
0.962799992
0.961799994
0.960399993
0.962399993
0.960599994
0.961399993
0.962199993
0.961399994
0.962199993
0.958599994
0.962199994
0.962199993
0.964599993
0.957399993
0.961799994
0.960599994
0.958199993
0.961599993
0.966599993
0.966399993
0.959599994
0.961999994
0.963199993
0.965999993
0.958399992
0.963199994
0.966599994
0.963399992
0.962599993
0.961199993
0.962599993
0.961399993
0.966599993
0.963799993
0.964199993
0.961599993
0.966799994
0.963799994
0.964399993
0.964599994
0.962199993
0.960799992
0.961199992
0.962399993
0.961999992
0.962199993
0.963999993
0.963199993
0.963999994
0.961399993
0.960199993
0.962999993
0.962199993
0.964199994
0.961999992
0.964999995
0.960999993
0.966399993
0.967199993
0.962399994
0.963199993
0.961399993
0.962399993
0.963799994
0.964399994
0.962599994
0.961199992
0.961999994
0.966199995
0.961199993
0.960399993
0.961199993
0.961599994
0.965599994
0.962399993
0.958399994
0.962799993
0.959599993
0.961399992
0.963199994
0.962199993
0.961799993
0.962399994
0.961799994
0.962799993
0.963199994
0.962399993
0.960799993
0.960599994
0.963199993
0.964799994
0.963999994
0.961999993
0.959799993
0.963199994
0.963799993
0.963399994
0.961599994
0.961199992
0.962199993
0.961799993
0.962599993
0.963599993
0.961999993
0.961399993
0.964399993
0.960199993
0.964199993
0.963399994
0.960799995
0.962599994
0.963399993
0.963399994
0.961799994
0.962999994
0.962599992
0.963199994
0.961999993
0.960599993
0.964799994
0.962199993
0.961799993
0.962999992
0.960999993
0.963199995
0.963999994
0.963999993
0.964799994
0.961599993
0.961199994
0.963599993
0.961999992
0.964199993
0.963599993
0.965599994
0.964599994
0.962399993
0.959399992
0.959999994
0.963199993
0.959999994
0.961999994
0.964399994
0.962399993
0.961399993
0.963199994
0.965799992
0.961599993
0.958999993
0.968399993
0.960199993
0.962399994
0.964399993
0.960199993
0.963199995
0.959799992
0.964399993
0.962999993
0.962399994
0.964599993
0.961199994
0.962199993
0.961799993
0.963999992
0.962399993
0.961799993
0.959999993
0.962599993
0.959199992
0.962799993
0.965199994
0.965399994
0.963599993
0.961399994
0.958999993
0.961999994
0.965599994
0.959799993
0.962399993
0.963599994
0.964599993
0.962799995
0.963999994
0.961999993
0.962199992
0.964199994
0.964199993
0.962199994
0.960199994
0.961999993
0.962399993
0.960399993
0.959199992
0.959799992
0.960799993
0.962999993
0.958399993
0.963999993
0.961799993
0.963599993
0.963399993
0.959599992
0.959799992
0.959999994
0.964999994
0.960599994
0.961399993
0.959999993
0.959799992
0.960999993
0.956799993
0.961799994
0.961399994
0.966599993
0.961999992
0.961999994
0.962599993
0.965999995
0.961799992
0.960599993
0.964399993
0.965999993
0.963999994
0.965399994
0.961599993
0.963399993
0.964399993
0.963599993
0.964599994
0.960799993
0.963399993
0.961399993
0.964599993
0.959599993
0.960199992
0.958199993
0.960999993
0.962199992
0.961199993
0.961999993
0.960599994
0.961799993
0.965199994
0.964399995
0.959799992
0.962799994
0.964399994
0.960999993
0.966399994
0.959999994
0.965399993
0.964199993
0.958799994
0.960599993
0.964399993
0.961599993
0.964599993
0.966199993
0.964399993
0.964399994
0.964199993
0.961799994
0.965599993
0.962399993
0.961799994
0.958799993
0.959399992
0.964999995
0.964399994
0.963599992
0.958199993
0.962199994
0.963599993
0.960399993
0.959199993
0.960399993
0.960799994
0.964999994
0.961999993
0.964599993
0.962199993
0.963199994
0.959799994
0.964999994
0.960599993
0.962799994
0.958999993
0.962599993
0.964999994
0.965799994
0.961399994
0.960599993
0.962599993
0.965399993
0.962199994
0.962999993
0.961999993
0.961199993
0.960399993
0.964599993
0.963199994
0.964799993
0.964999995
0.963999993
0.963599993
0.964999994
0.961599993
0.961399993
0.963399994
0.962799994
0.961999992
0.960599993
0.966999994
0.961599993
0.960999993
0.961399993
0.964399995
0.961199994
0.960799994
0.960999993
0.962799994
0.960399993
0.961199992
0.965399994
0.963199993
0.963399993
0.964199994
0.960599993
0.961199994
0.961999994
0.964799994
0.961799993
0.963199995
0.961599993
0.964999994
0.963799992
0.961599994
0.961799993
0.961999994
0.965999994
0.960799993
0.960599993
0.958599992
0.957999995
0.962599993
0.961799993
0.960999993
0.957799993
0.961599993
0.962599992
0.966199994
0.963199993
0.964999993
0.964799993
0.962399992
0.963799993
0.963199993
0.960999993
0.964199994
0.959799993
0.964399994
0.964799994
0.961799993
0.965199993
0.963999994
0.963799993
0.961599994
0.960399993
0.959399993
0.964399993
0.962999993
0.963399992
0.962199994
0.961999993
0.961799993
0.959999993
0.966799993
0.958799993
0.963599993
0.962399993
0.960799994
0.960599993
0.962999993
0.960199992
0.962399993
0.962199993
0.960599995
0.962599993
0.965199995
0.964199993
0.963199994
0.962399994
0.961999995
0.963399993
0.962799993
0.963599992
0.962999993
0.962399994
0.962799993
0.960999993
0.962999995
0.961999993
0.962399994
0.963999993
0.962199992
0.962999993
0.964199993
0.962999993
0.957199993
0.963599993
0.963199994
0.961199994
0.966199993
0.962999994
0.960999993
0.966599993
0.961799994
0.959599993
0.964999994
0.962999993
0.961199993
0.965399995
0.962399993
0.962399993
0.965399994
0.959999993
0.958199992
0.956199992
0.962599994
0.959799993
0.961999993
0.963599994
0.961399994
0.959999993
0.961599993
0.961599994
0.959999994
0.964199993
0.961399993
0.964799994
0.962599993
0.963399994
0.964399993
0.960399992
0.965999993
0.963199993
0.959599992
0.961599994
0.963799994
0.962399994
0.962999992
0.961599993
0.965999993
0.958199994
0.962599994
0.964399993
0.959399993
0.962599992
0.962199994
0.964599993
0.964599993
0.961199993
0.959599992
0.960399993
0.961399994
0.961199994
0.962399993
0.965599994
0.963799994
0.961599992
0.961599994
0.962399993
0.962599993
0.960199994
0.963199992
0.960399993
0.965199994
0.960999994
0.960799993
0.959199992
0.960599993
0.961599994
0.959999993
0.963599993
0.964799993
0.962999993
0.963399993
0.961999994
0.963799994
0.964799994
0.962199993
0.962799993
0.966999993
0.960399992
0.965799994
0.962999994
0.958199993
0.959399995
0.961199993
0.965999994
0.964599993
0.964399993
0.962799995
0.964199992
0.966399993
0.964399993
0.961599993
0.965199993
0.960199993
0.962799992
0.957999994
0.962199992
0.964399993
0.957399993
0.960799994
0.962999993
0.962799993
0.964599994
0.963799994
0.962799994
0.960999993
0.960199994
0.962199993
0.963399993
0.959799993
0.960599993
0.962999993
0.959399993
0.963599994
0.962599992
0.959799994
0.960799994
0.963199993
0.964799994
0.960199993
0.960599993
0.963199993
0.964399995
0.963199993
0.963799993
0.964199994
0.964399994
0.960599993
0.957399993
0.966799994
0.961799993
0.963399994
0.961999993
0.962399992
0.962799994
0.963199993
0.960999993
0.962599993
0.959999993
0.965399993
0.964799994
0.962799993
0.961399993
0.962999993
0.961199993
0.966599993
0.964599993
0.963199994
0.960999993
0.963399993
0.959599993
0.963399993
0.959799994
0.968199994
0.959799994
0.961599993
0.958999992
0.963399993
0.961199994
0.957999992
0.961399992
0.960399994
0.961599994
0.961599993
0.966999993
0.962599994
0.963199993
0.964399993
0.960799994
0.963199993
0.963399993
0.965799993
0.960599993
0.962399993
0.964399994
0.965599993
0.963399994
0.960199994
0.957999992
0.965999994
0.965599994
0.961999993
0.965199993
0.961999993
0.963199994
0.963799994
0.960999993
0.963799994
0.961599993
0.963599994
0.958799994
0.962199992
0.961999994
0.964999994
0.962799993
0.966199994
0.962399993
0.963599994
0.965999994
0.963999994
0.963599993
0.963399994
0.960999993
0.962799994
0.961999994
0.963999994
0.959799992
0.961399993
0.962999994
0.963399994
0.961599994
0.961799992
0.960999993
0.965999993
0.961599993
0.963199994
0.963999994
0.962799995
0.962999993
0.960399993
0.963199992
0.962599994
0.964799994
0.962399993
0.961199992
0.965799994
0.960999992
0.960199992
0.960799995
0.961799992
0.961799993
0.963999993
0.960999993
0.963399993
0.962199992
0.958999994
0.964399994
0.963399993
0.963999994
0.958999992
0.963199993
0.963799995
0.964999993
0.961199993
0.962799994
0.962799993
0.960999993
0.967799995
0.965799994
0.962599993
0.961799993
0.966799994
0.959199992
0.964599993
0.961399993
0.960799994
0.964399994
0.961799994
0.964799993
0.958999994
0.961399993
0.959599993
0.962599994
0.961799992
0.958399992
0.962999993
0.962999994
0.959199992
0.962599993
0.961199993
0.963999993
0.961199993
0.961999993
0.961999994
0.966999994
0.963399993
0.962199994
0.962799993
0.964199994
0.962399994
0.963399993
0.959999992
0.962399993
0.962999992
0.964199993
0.963599992
0.964199994
0.961399993
0.963199993
0.963599993
0.962399994
0.964199993
0.963399993
0.962799993
0.962399993
0.966799995
0.963399993
0.962599994
0.965399993
0.962599993
0.965999994
0.962199993
0.961599994
0.963199994
0.961799993
0.963399992
0.964399993
0.964399994
0.963399994
0.964599993
0.961399992
0.962199994
0.963399994
0.962399994
0.963999993
0.961199993
0.964399994
0.957999993
0.964199992
0.964799994
0.967399994
0.962799994
0.961199994
0.963599994
0.959799993
0.964799994
0.965199994
0.964399993
0.960799994
0.958399994
0.962199993
0.959599993
0.964599993
0.964399994
0.961799992
0.964599993
0.960199994
0.963599993
0.964199993
0.962599994
0.959399993
0.961599994
0.962199993
0.963399994
0.962999993
0.961999994
0.963199994
0.963799993
0.963999994
0.964199994
0.962999993
0.963199994
0.962399993
0.961599993
0.962799993
0.960599994
0.962199993
0.962399992
0.963999993
0.962999993
0.962399994
0.962799993
0.962399993
0.960799993
0.963599994
0.963799993
0.961199993
0.967599994
0.961799994
0.963399992
0.964199993
0.963399993
0.961199994
0.963799994
0.963799993
0.963399994
0.964599993
0.961599993
0.963799993
0.960199993
0.962399993
0.965199994
0.960999992
0.963999995
0.959799993
0.963999994
0.963599993
0.963799994
0.960399994
0.961599993
0.963599993
0.961799994
0.958999993
0.962399994
0.961399994
0.961399993
0.961799993
0.960599993
0.962799994
0.964599993
0.968399994
0.963199993
0.964199993
0.961799993
0.962999993
0.963199994
0.966999994
0.963199993
0.960199993
0.964599994
0.961799993
0.964999994
0.964399993
0.964999993
0.963599994
0.963399993
0.962799994
0.958999994
0.961799994
0.965199993
0.960999993
0.963399994
0.960399993
0.960599993
0.960599994
0.964199994
0.958999992
0.962799994
0.966399994
0.962799993
0.959599993
0.962199993
0.961799994
0.965999993
0.964599993
0.961799994
0.964999993
0.962599993
0.962599993
0.960399993
0.961599993
0.961799994
0.961399994
0.963799994
0.963199993
0.960599993
0.963399994
0.962199992
0.963399993
0.962399993
0.964399993
0.963399993
0.962999994
0.958599993
0.963399994
0.963599993
0.962999994
0.963799993
0.962799993
0.962999993
0.963799994
0.967599995
0.959599993
0.958599993
0.962799993
0.963199993
0.964399993
0.962599993
0.962799993
0.961799995
0.961199993
0.960399993
0.963399994
0.965399994
0.961999993
0.962999994
0.963599993
0.961999993
0.963799993
0.964999993
0.960599994
0.964399993
0.962799994
0.963599993
0.963999993
0.963199994
0.960599992
0.961599993
0.962399993
0.964799994
0.960199993
0.964999993
0.960999993
0.963599993
0.961199994
0.963399994
0.959799993
0.959999993
0.960799993
0.965799994
0.963799994
0.961399993
0.965999994
0.960399994
0.960399993
0.961999993
0.965199993
0.958599994
0.965599993
0.963399994
0.961599993
0.967599995
0.961599993
0.963199993
0.962399993
0.964199993
0.966999993
0.963599993
0.964199992
0.963799994
0.960599993
0.964999994
0.964599993
0.961799993
0.962999993
0.965599993
0.963199993
0.962599993
0.964199993
0.962199992
0.959999994
0.959599993
0.958999995
0.961599994
0.964599993
0.964399993
0.967399994
0.965799993
0.962199994
0.960399993
0.960999993
0.964799993
0.965199994
0.965599994
0.965999993
0.964799994
0.966199993
0.963399993
0.965199993
0.965599994
0.961999993
0.964399993
0.962799994
0.961799992
0.961399993
0.966799994
0.962799993
0.963799993
0.963399993
0.961399992
0.962799993
0.961599993
0.963599993
0.962399993
0.963599993
0.962199993
0.966799994
0.963399992
0.962799993
0.961599993
0.965999993
0.960399993
0.964399994
0.963799993
0.962999993
0.959999994
0.958999993
0.967599994
0.962399994
0.957999993
0.963399994
0.965799993
0.964799993
0.962599993
0.962599993
0.960999994
0.962799993
0.962199994
0.959999993
0.961199993
0.958199992
0.964799994
0.964199993
0.963599993
0.962599994
0.962999993
0.959799993
0.961999994
0.964799993
0.959999994
0.963799994
0.957799993
0.961799993
0.965199994
0.962599995
0.961199993
0.962599993
0.965799994
0.963199993
0.961999993
0.964399993
0.961399993
0.963599993
0.962999993
0.963599993
0.965799993
0.963799994
0.962399992
0.963399994
0.961399993
0.960999994
0.962599993
0.963999992
0.964799994
0.962399993
0.961199993
0.960799994
0.964999993
0.964399994
0.963599994
0.963599993
0.962799993
0.960199992
0.961399992
0.960799994
0.965399994
0.962199993
0.964199994
0.963399994
0.961599993
0.958999994
0.962399994
0.962799994
0.963599995
0.961999994
0.963399994
0.966199993
0.962799993
0.960199993
0.961799993
0.963599993
0.959799994
0.962199994
0.961399994
0.961999993
0.962599993
0.963999993
0.963599994
0.961599993
0.960399993
0.961199994
0.961799992
0.963399993
0.963999993
0.964999993
0.960999993
0.960999993
0.961999993
0.963799992
0.961199993
0.964199994
0.961599994
0.961599994
0.963799993
0.965799993
0.959999993
0.965399994
0.960199993
0.959999993
0.966199994
0.961599993
0.961799993
0.963199993
0.962599994
0.965999994
0.964399994
0.958799993
0.961999994
0.963599993
0.962399993
0.961999993
0.965999994
0.963199994
0.961399993
0.961399994
0.962999994
0.962599993
0.961999994
0.963599995
0.963999993
0.965599994
0.965399994
0.965799993
0.960999993
0.959599993
0.960599993
0.961199994
0.961399992
0.961599993
0.962399992
0.962399993
0.958799993
0.961199993
0.962199993
0.960399994
0.961599993
0.963599993
0.962399992
0.964799994
0.961599994
0.961799993
0.962199994
0.963599995
0.967399994
0.964599993
0.960799993
0.964599993
0.964199993
0.964199993
0.965999993
0.963199993
0.958599994
0.962799994
0.964199993
0.962999993
0.961199993
0.961799993
0.964399993
0.964599994
0.962599992
0.964399994
0.963399993
0.960799994
0.963999994
0.963599993
0.963599993
0.958999994
0.962599994
0.962799994
0.965999993
0.963799994
0.962799993
0.961799993
0.963399994
0.961999994
0.963399994
0.961199994
0.962199993
0.962199993
0.963799994
0.963399994
0.962999994
0.965399995
0.961799993
0.962399994
0.958999993
0.963999993
0.962599993
0.962599993
0.963999994
0.963199994
0.964799993
0.962399993
0.961199993
0.964399994
0.962399994
0.963799993
0.965599993
0.962799994
0.963799994
0.968799994
0.962999993
0.962199993
0.962199993
0.963199993
0.964999994
0.963999993
0.961199993
0.962999993
0.963799992
0.960799993
0.961799994
0.963399993
0.962199993
0.964999994
0.960599993
0.961999993
0.961799994
0.960599993
0.961399993
0.964799994
0.959999993
0.963599993
0.965199994
0.963999994
0.963399994
0.962599994
0.962599993
0.961799992
0.962399994
0.964799994
0.962799994
0.964199994
0.962599992
0.963799993
0.962199994
0.963999994
0.959999992
0.965599995
0.963199994
0.962599993
0.961799993
0.966199994
0.960599993
0.964999994
0.963799994
0.961599994
0.962799993
0.962599994
0.961799993
0.963399993
0.963999994
0.960399991
0.963599993
0.962599993
0.960799994
0.961599994
0.965999994
0.962799994
0.963599993
0.962399993
0.961399993
0.963999994
0.959999993
0.961799993
0.963199994
0.964799993
0.966599993
0.964799994
0.961799992
0.966199994
0.963599993
0.961599993
0.964599993
0.963399993
0.967799994
0.967799994
0.963999993
0.966199994
0.963599993
0.966199994
0.962399993
0.959999993
0.964599994
0.963399993
0.962999993
0.962399994
0.965199993
0.960999993
0.962399993
0.962999993
0.962999993
0.963799994
0.963999992
0.962199993
0.964399994
0.967599994
0.963399993
0.965999994
0.962599995
0.961399993
0.964799994
0.960399994
0.964199994
0.963599994
0.963199993
0.962599993
0.961399994
0.964399995
0.965799993
0.962199994
0.963399993
0.962999994
0.961599993
0.963999992
0.961599993
0.964199994
0.964599993
0.962599993
0.962999994
0.962799993
0.962799994
0.964599994
0.964599994
0.963999994
0.963799993
0.965199993
0.964999994
0.964999994
0.963199994
0.963199993
0.961599993
0.963599993
0.961799993
0.963799993
0.962799993
0.965399993
0.962999994
0.958599994
0.964599994
0.959199994
0.962999994
0.961999992
0.963799993
0.962599993
0.957999993
0.963999994
0.965599994
0.962599993
0.963399994
0.962399993
0.963799994
0.961599993
0.963399994
0.965799994
0.961999993
0.965599994
0.964399993
0.962399993
0.964199993
0.961799994
0.959399992
0.964999993
0.961399993
0.961799993
0.962999992
0.961999994
0.960399993
0.960399992
0.966799994
0.961199993
0.960199992
0.964199993
0.963999994
0.962799994
0.963199992
0.962399992
0.958199994
0.964599993
0.959399992
0.960399994
0.965399993
0.962199993
0.962599995
0.962199993
0.963399994
0.965599993
0.965599993
0.963399993
0.963599993
0.962799992
0.958999994
0.963599993
0.965399995
0.965599994
0.962199993
0.966999993
0.966399994
0.964999993
0.965199993
0.964599993
0.962399993
0.962799992
0.961799993
0.962799994
0.960999993
0.961599992
0.960199993
0.963799993
0.959399993
0.962199993
0.960399992
0.964199993
0.962199993
0.962999993
0.963399993
0.962999993
0.960599993
0.962999994
0.962999994
0.965199994
0.962399993
0.962599993
0.965599995
0.965999994
0.962199994
0.961599993
0.964199994
0.965799994
0.964599993
0.963799993
0.964999993
0.963199994
0.963799994
0.962399993
0.962599993
0.963399994
0.963399994
0.960199993
0.967599993
0.967399993
0.962599993
0.960199993
0.959999992
0.966599995
0.961999992
0.962599993
0.961799993
0.961999992
0.962599993
0.959999992
0.963199993
0.965399995
0.965199993
0.963999994
0.959999992
0.962399994
0.963799994
0.964799994
0.965599993
0.962399993
0.963199994
0.964199994
0.961999993
0.960999991
0.965799993
0.962799994
0.962999993
0.963599994
0.962399995
0.960599992
0.962199993
0.964199993
0.963799994
0.963199993
0.964199993
0.965199994
0.962399995
0.967599993
0.965199993
0.964199993
0.961999994
0.963599993
0.960399992
0.961399993
0.962999994
0.963399994
0.962599994
0.961999994
0.963399993
0.962399992
0.961999993
0.963999993
0.963399994
0.959799991
0.963399994
0.963199993
0.963599992
0.962399994
0.962799994
0.962799992
0.964399993
0.962799994
0.967999995
0.963599994
0.965599995
0.962799993
0.961199993
0.961999993
0.962199993
0.960999994
0.963399994
0.965999994
0.964399993
0.962199994
0.960399993
0.960399992
0.961999993
0.962999993
0.960399993
0.964999993
0.965799995
0.958799993
0.965399994
0.962199993
0.962999992
0.963599993
0.961199992
0.966999994
0.968399994
0.964999995
0.964599993
0.965999994
0.960799994
0.961799994
0.962199993
0.962599993
0.963999995
0.962199993
0.964999993
0.961399993
0.962999993
0.963599993
0.965399993
0.964399993
0.964599994
0.961199993
0.956599992
0.963999994
0.964999993
0.967399993
0.962599994
0.967399993
0.960799993
0.964799993
0.963199993
0.963399994
0.962199994
0.962399995
0.963199993
0.963399993
0.965599993
0.959799994
0.963199993
0.962599994
0.962599993
0.963399993
0.964399993
0.964199993
0.959799993
0.963199993
0.961999993
0.962999994
0.964999994
0.964999993
0.962799995
0.965799993
0.963599992
0.963599993
0.961999993
0.964999994
0.964799994
0.961799993
0.965199993
0.964599993
0.964999994
0.961999993
0.964199994
0.963399993
0.962399993
0.963599994
0.961999993
0.962199994
0.962199994
0.964999994
0.960999993
0.959799994
0.960599992
0.964399993
0.960599993
0.960599994
0.962599994
0.963999993
0.964799993
0.963599993
0.963599993
0.963399993
0.961399993
0.961199993
0.960399993
0.961399993
0.959799994
0.962399993
0.964599994
0.965599994
0.963399993
0.960799993
0.959799993
0.961399993
0.961799994
0.963599994
0.964199993
0.962999994
0.961799993
0.960599993
0.962599994
0.963399993
0.963399994
0.960399993
0.963799993
0.962799995
0.966599994
0.961199993
0.964399993
0.958399993
0.963799994
0.963599994
0.961599994
0.962599993
0.961799993
0.964199993
0.964399993
0.961199994
0.960599994
0.964199994
0.966799994
0.963199994
0.960799994
0.961999993
0.966199994
0.963599994
0.963399993
0.965399994
0.963399994
0.965399994
0.964999993
0.966599993
0.967999993
0.963799993
0.964799994
0.961199994
0.962399993
0.958399993
0.964599993
0.958999993
0.965999994
0.959799993
0.966799993
0.965399995
0.963999993
0.965399994
0.967199994
0.966799993
0.966799994
0.961199993
0.961799993
0.961399992
0.964599995
0.962999994
0.962399994
0.961799994
0.960999993
0.962599995
0.961199994
0.964399993
0.964199994
0.964199994
0.963999994
0.963399993
0.962199994
0.961799992
0.965399994
0.965599993
0.959999994
0.963599994
0.962599994
0.963799994
0.965199993
0.962399992
0.960799992
0.962799994
0.961599994
0.963199994
0.964199993
0.963199992
0.963399994
0.962999994
0.964199994
0.962999994
0.961399992
0.962199992
0.959999993
0.959799992
0.960999993
0.962799994
0.965599994
0.965599994
0.961999993
0.959599993
0.964599993
0.960599993
0.961599994
0.961199993
0.963599994
0.965799994
0.968799994
0.965799994
0.959399993
0.963599993
0.965799994
0.963799993
0.963199993
0.966399994
0.964999994
0.965199993
0.961999994
0.962999994
0.964199993
0.963199994
0.966599994
0.964399993
0.963999994
0.968799994
0.963399993
0.963399993
0.966199993
0.968399994
0.962999994
0.965599993
0.963599993
0.965999994
0.967199993
0.964399993
0.961999993
0.961999993
0.963399994
0.964399993
0.965999993
0.964999993
0.958599992
0.962999992
0.963799994
0.966199994
0.961799993
0.961999992
0.968599993
0.966599994
0.965599993
0.965399993
0.964399993
0.965999993
0.967599994
0.965199994
0.964199993
0.965399993
0.964599993
0.964199993
0.962399994
0.961799993
0.963599993
0.963399994
0.963399993
0.960799993
0.963799993
0.962999992
0.963599993
0.963399993
0.962599993
0.963799993
0.961599993
0.962799994
0.964799993
0.961399993
0.959999992
0.966399993
0.960999994
0.962999993
0.963199993
0.961199993
0.964599993
0.962599994
0.965999994
0.968199994
0.960599993
0.959799993
0.962199992
0.969799995
0.963999993
0.961199993
0.962199993
0.961999993
0.962999993
0.959199993
0.961399993
0.966399993
0.963599993
0.964599994
0.962999993
0.962599993
0.961999993
0.960199994
0.962799993
0.964599994
0.965199994
0.964399994
0.964799993
0.966999994
0.962399994
0.963799993
0.965799994
0.962199993
0.964599993
0.962799993
0.964599993
0.962199994
0.964399994
0.963799994
0.965399993
0.962199995
0.966199994
0.965399993
0.965199993
0.964799994
0.965799993
0.965199994
0.962799992
0.962399992
0.962599992
0.961999993
0.963199993
0.964599993
0.961799993
0.964799993
0.960599994
0.961399993
0.962599994
0.964599994
0.963199993
0.960999993
0.960599994
0.961799994
0.964999993
0.963799993
0.965999994
0.962399993
0.963399993
0.966799994
0.965199994
0.962199993
0.965199994
0.960399993
0.961199993
0.961599993
0.962599993
0.964599993
0.961199993
0.960799992
0.962599995
0.961399993
0.963399993
0.961999994
0.965599994
0.963399993
0.968399993
0.961399993
0.964199994
0.962199992
0.966799995
0.961399994
0.964799993
0.966199994
0.960399993
0.963599993
0.961999992
0.965199994
0.966599994
0.964999994
0.966399994
0.964399994
0.961399993
0.962199992
0.963399994
0.963799994
0.964599993
0.963799994
0.957999993
0.965199993
0.968399994
0.968999994
0.962199993
0.969199994
0.965199994
0.959599993
0.960799994
0.961999993
0.963599994
0.964799995
0.966399993
0.960799993
0.963799994
0.967799994
0.967399993
0.962799993
0.961599993
0.961199992
0.961799993
0.965399993
0.967999994
0.965999994
0.962999993
0.961399993
0.964399994
0.966399993
0.959399993
0.962399992
0.964999993
0.962599993
0.963399994
0.961999993
0.963599994
0.965199994
0.962399994
0.965399993
0.963399994
0.961999992
0.963199993
0.961999993
0.962199992
0.965999994
0.962999994
0.961399994
0.960799994
0.961599993
0.962199993
0.963999995
0.959799994
0.962599994
0.962399992
0.963199993
0.962999993
0.968999995
0.965399993
0.965199993
0.964399994
0.963599993
0.964399993
0.965799994
0.962799993
0.964799993
0.960799994
0.962599993
0.964399993
0.964399994
0.959999992
0.964399993
0.964599994
0.964799993
0.965399993
0.964399993
0.963399994
0.964599995
0.963399993
0.963799994
0.964399993
0.962599994
0.964399992
0.965199993
0.962599993
0.963799993
0.961999993
0.965199993
0.965999994
0.964999993
0.964399993
0.966999994
0.963599993
0.963599993
0.963399993
0.961999993
0.963399993
0.964399994
0.963199993
0.959999993
0.962599993
0.962199993
0.962599993
0.963799993
0.960399994
0.964799994
0.965799993
0.962399994
0.961599992
0.963599993
0.961399994
0.965999994
0.963799994
0.964999994
0.964599993
0.961999994
0.962599993
0.962599993
0.965799994
0.964599993
0.962999993
0.963599994
0.965599993
0.961599993
0.963799994
0.960999995
0.964999994
0.964599993
0.961399993
0.964799994
0.964199994
0.967199993
0.964599994
0.960799994
0.966399994
0.963599993
0.963599994
0.964999993
0.962799993
0.960999994
0.962999994
0.963999993
0.965399993
0.961999993
0.960799994
0.963999994
0.962999992
0.960999993
0.959599994
0.961599994
0.961399994
0.963199994
0.963999993
0.963999992
0.961799993
0.961199994
0.967199993
0.962599992
0.962399992
0.959799994
0.962799993
0.965599993
0.964999994
0.963599993
0.961199993
0.965199994
0.961799993
0.963199993
0.961599993
0.963999994
0.965799994
0.965999993
0.963399992
0.965199993
0.962999992
0.961199993
0.961399993
0.963399993
0.961599993
0.964799994
0.965199994
0.964799993
0.960999993
0.962199994
0.960399993
0.966999993
0.965999993
0.962799993
0.961999994
0.966999994
0.965599994
0.959599992
0.963999993
0.960799993
0.963799994
0.966599994
0.962199993
0.962999993
0.962599993
0.963199994
0.962399993
0.959799993
0.960799994
0.964599993
0.963599994
0.961799994
0.964399993
0.962799994
0.960399993
0.962999993
0.968399995
0.965399993
0.965199993
0.966199994
0.967799994
0.965799994
0.964799994
0.962999993
0.962599993
0.961399993
0.961799993
0.962599993
0.962599994
0.965799993
0.963599994
0.963399993
0.963399994
0.962799994
0.963799994
0.964799993
0.962999993
0.960999993
0.964199992
0.965199993
0.965399993
0.965999994
0.964599993
0.963999994
0.964199993
0.962599994
0.963399993
0.964599993
0.964599993
0.961599993
0.962599993
0.961599993
0.964999993
0.960199993
0.964399993
0.962399993
0.964999994
0.962999993
0.962999993
0.964599995
0.961799993
0.963199993
0.962199992
0.962199993
0.960799992
0.961599993
0.962399993
0.960599993
0.960799994
0.963799994
0.962199994
0.964199992
0.965399993
0.965799994
0.962199993
0.965599994
0.965999993
0.963999993
0.961799993
0.963999994
0.962199994
0.963799993
0.961799992
0.964199994
0.964399994
0.963399993
0.965599993
0.962999994
0.961399994
0.964399994
0.962399993
0.964999994
0.964199993
0.964599994
0.963399993
0.964799994
0.963599993
0.961599993
0.963999993
0.961999994
0.961799993
0.961599993
0.966399994
0.960799993
0.959799993
0.962399993
0.964399994
0.965799995
0.964199994
0.964199995
0.962599993
0.964199994
0.964999993
0.961199992
0.964199992
0.963799994
0.963799993
0.967199994
0.962399993
0.963599994
0.964199993
0.965799994
0.964399993
0.964199994
0.962799993
0.962199994
0.963399993
0.966199994
0.962799993
0.961199993
0.967799993
0.964199993
0.961199992
0.962599993
0.961799993
0.961199993
0.962999993
0.962399993
0.963199993
0.967599993
0.963799993
0.962599994
0.965999994
0.964599993
0.964799994
0.962199993
0.963799993
0.962999993
0.966799994
0.963799993
0.963199993
0.961999993
0.961999993
0.963199994
0.961999992
0.961199994
0.965199993
0.963199992
0.963799994
0.962999994
0.964599993
0.963999993
0.963599994
0.962999994
0.961799993
0.964199993
0.964799993
0.966399993
0.962399993
0.963199993
0.964799993
0.965599993
0.963999993
0.964999993
0.959999993
0.964399995
0.960799993
0.959399993
0.965999994
0.963999994
0.963799993
0.966199994
0.962599993
0.963399993
0.966599994
0.963399994
0.964799994
0.962399993
0.964599993
0.963999994
0.958399993
0.963999994
0.964599994
0.962799994
0.965599994
0.963599993
0.966199994
0.959799993
0.965199994
0.967799994
0.966799994
0.964999994
0.964999995
0.963999994
0.962399994
0.962399993
0.963599993
0.964999994
0.961399993
0.960999992
0.965599994
0.967599994
0.965199995
0.962199993
0.963399992
0.964799994
0.961399994
0.964599994
0.963399993
0.963399995
0.967799994
0.961599994
0.964399994
0.965599993
0.964999993
0.962999992
0.964399994
0.966199993
0.963199993
0.963999993
0.963999993
0.962599993
0.966399994
0.963399994
0.959999992
0.962599993
0.964599994
0.964399994
0.962599994
0.963999994
0.965599993
0.964599993
0.962999994
0.963999993
0.960599992
0.960199993
0.967199994
0.962399994
0.961399993
0.966399995
0.963799993
0.961999994
0.963399993
0.964199993
0.962799994
0.965199993
0.965399994
0.962599993
0.967199994
0.961999993
0.965199994
0.962599993
0.963399994
0.963599993
0.965599993
0.960799993
0.969399994
0.963199993
0.962199993
0.962599993
0.960599993
0.963599993
0.965199993
0.960799994
0.961799994
0.962199994
0.962199994
0.961999994
0.964999993
0.961799993
0.962799994
0.963999994
0.963999994
0.961599993
0.963399994
0.963399992
0.964999993
0.962999993
0.965999994
0.957999995
0.963599994
0.963999993
0.962599994
0.961599993
0.962199992
0.964399992
0.965599994
0.963399994
0.965999994
0.963599994
0.967199993
0.964799993
0.962599994
0.961799994
0.965599993
0.966799994
0.961999993
0.962799994
0.963399993
0.962799993
0.968599994
0.963799993
0.965599994
0.966799993
0.967199993
0.966199994
0.963799994
0.963999995
0.965399993
0.967999994
0.963999994
0.962199993
0.964199994
0.960999993
0.964999992
0.965599993
0.962799993
0.962799993
0.967999994
0.965199994
0.961999995
0.968399994
0.961799994
0.961599994
0.962599993
0.964399994
0.964199993
0.964599993
0.964399994
0.961399993
0.959799993
0.959399993
0.962599993
0.963199993
0.962999994
0.962199994
0.963599993
0.963799994
0.963999994
0.964599994
0.958199992
0.965399992
0.962999994
0.963799994
0.963599994
0.960799993
0.962999994
0.963799994
0.961199993
0.963999993
0.965799993
0.965999994
0.965799993
0.966199993
0.962199993
0.962399993
0.963999993
0.960199993
0.963999992
0.962799994
0.964799994
0.962999993
0.961599993
0.963999993
0.960599993
0.964799993
0.965199992
0.964999993
0.966599994
0.963599994
0.962999994
0.960399992
0.966599994
0.960199994
0.963399994
0.966999993
0.965199993
0.963799993
0.962399994
0.962199994
0.965799994
0.963799993
0.961399993
0.961999993
0.961999994
0.962999994
0.960799993
0.964399994
0.961799994
0.962999992
0.966599994
0.966999994
0.964799993
0.961799993
0.963999993
0.964399993
0.968199994
0.963199993
0.960799993
0.962399994
0.965399993
0.965999993
0.966199995
0.963999993
0.962399993
0.963999994
0.960199993
0.960199992
0.965599993
0.967199994
0.964999994
0.963399993
0.964399993
0.962799993
0.962799994
0.964799994
0.965999992
0.962399993
0.965399993
0.963799993
0.965799993
0.963999993
0.965999994
0.962599993
0.964999993
0.961799994
0.964399992
0.961399993
0.963799993
0.962399993
0.960799993
0.963599993
0.964999993
0.965599993
0.962199993
0.964799993
0.965199994
0.965599993
0.967999993
0.964599994
0.965199993
0.964399993
0.961399994
0.964599993
0.958999993
0.959599993
0.963999994
0.962799993
0.963799993
0.960999994
0.962799993
0.965999993
0.965399993
0.961599993
0.964799993
0.966599993
0.961599993
0.963799994
0.964599993
0.964599995
0.963399994
0.961999994
0.964399994
0.960799994
0.966799993
0.963599993
0.965999994
0.962799993
0.963599994
0.964999993
0.964199993
0.959999993
0.964399993
0.965199993
0.965199994
0.962599994
0.963599994
0.962199993
0.963999993
0.960399992
0.964599994
0.963399994
0.964199995
0.962999993
0.961399994
0.965799993
0.961199994
0.961999993
0.965799993
0.965599994
0.963399994
0.967999994
0.964599994
0.962799994
0.963599994
0.961999994
0.962399995
0.965399994
0.960799992
0.963199995
0.962399993
0.960199992
0.964799993
0.961999994
0.962999994
0.964999994
0.962599993
0.964599993
0.961599994
0.965599993
0.963999994
0.964399993
0.962399994
0.964799994
0.964199993
0.965599994
0.965999994
0.964999993
0.966599994
0.964799994
0.964599993
0.962999993
0.963599993
0.963199993
0.963799994
0.966799994
0.964399994
0.963999994
0.958399992
0.965399995
0.960599993
0.964199994
0.965999993
0.964599993
0.964399994
0.962199993
0.962599994
0.962399993
0.961599994
0.967999994
0.962799994
0.960199993
0.967199994
0.964799993
0.966999993
0.963599993
0.963799994
0.963799993
0.964199993
0.961799992
0.962999993
0.965199993
0.963999994
0.965799994
0.963999994
0.963799993
0.963399994
0.962999994
0.966599994
0.961799994
0.963799992
0.967399994
0.963399992
0.963799994
0.962799993
0.963199993
0.968399994
0.962399993
0.964199994
0.964399994
0.962199992
0.964999994
0.962399994
0.966199994
0.964399994
0.963399994
0.963599993
0.963799993
0.966199993
0.961599993
0.960399992
0.965599993
0.965199993
0.964999994
0.962999993
0.963799993
0.966999994
0.961799994
0.964199993
0.964999993
0.964599993
0.964199994
0.967199994
0.963199993
0.963399992
0.961999993
0.966399994
0.965399994
0.963799994
0.965199993
0.962199993
0.962399993
0.963599993
0.963999993
0.963799995
0.961599993
0.964599993
0.965999994
0.960799994
0.962999993
0.965399993
0.962399993
0.963399994
0.966799994
0.962999995
0.964599993
0.962999993
0.963799993
0.964599994
0.967399994
0.963399993
0.961799992
0.963999993
0.966599994
0.966399993
0.960799994
0.966599993
0.968999994
0.963599993
0.964199993
0.964799994
0.964399994
0.962399993
0.962999993
0.963399993
0.966799994
0.963599994
0.965399994
0.965199993
0.964799994
0.963599993
0.963599994
0.963999994
0.961399995
0.963399994
0.962999993
0.963999993
0.960999993
0.963399993
0.959399993
0.960999993
0.961799993
0.961599994
0.961199993
0.963399993
0.964999992
0.963799994
0.965799994
0.962199993
0.963599993
0.961599994
0.964599994
0.964999995
0.965199994
0.963799993
0.962599993
0.960599994
0.962399994
0.961999993
0.963999994
0.964199994
0.965799993
0.966799994
0.966599993
0.965199994
0.966199993
0.963199993
0.963199995
0.966599993
0.963199992
0.962799993
0.959799994
0.963199993
0.962599993
0.967999994
0.963399994
0.964599993
0.965599994
0.963399994
0.961399993
0.966199992
0.961799993
0.965599993
0.964199993
0.960599993
0.962799992
0.962399994
0.963799993
0.962199994
0.964399993
0.962999994
0.963999993
0.964399993
0.961599993
0.964399993
0.961799993
0.965199994
0.965399993
0.959199994
0.962199993
0.963799993
0.963799993
0.964599993
0.965399993
0.962599993
0.962999993
0.965799994
0.962399992
0.963999994
0.962799995
0.966399993
0.962199993
0.968399994
0.964599993
0.965399994
0.965999994
0.962199993
0.964799994
0.965799994
0.965599993
0.965999994
0.962599993
0.963199994
0.965599994
0.965199993
0.965399994
0.962399993
0.964399993
0.964199993
0.960399992
0.962399993
0.963799993
0.963599993
0.965399993
0.964399994
0.961399994
0.960599995
0.966999994
0.962799993
0.966199994
0.963999994
0.961799993
0.963599993
0.963199993
0.964399993
0.961799993
0.961999993
0.961199993
0.963199993
0.964199995
0.962199994
0.961399993
0.962999993
0.963599993
0.964599993
0.962999994
0.963999993
0.960399992
0.959399993
0.962999994
0.966399994
0.963199993
0.965999993
0.960999994
0.965199994
0.963599994
0.965199993
0.964399993
0.962599994
0.964799994
0.967599994
0.960799994
0.962599993
0.963999994
0.964799993
0.966399993
0.964799994
0.966999994
0.961799994
0.962199994
0.960399992
0.965199994
0.965199993
0.963399993
0.961799993
0.965399993
0.960199994
0.965199994
0.965399994
0.966799994
0.960599993
0.963799994
0.963999993
0.963399993
0.964799993
0.964799993
0.963799994
0.964399993
0.961399993
0.963599993
0.964599993
0.966799994
0.964199994
0.961199993
0.968399995
0.967399994
0.962799994
0.962799993
0.963799994
0.964599994
0.964799994
0.964799993
0.964399993
0.965999993
0.963599993
0.967599994
0.962999992
0.964599993
0.958999994
0.964999994
0.965999994
0.964999994
0.966199994
0.962799994
0.962599994
0.960999994
0.962199993
0.964599995
0.966199994
0.963999993
0.961599994
0.964399994
0.964799994
0.966199993
0.961399993
0.961599994
0.962999993
0.965399994
0.966399994
0.966599993
0.963799993
0.964999993
0.963599993
0.963599993
0.963799994
0.965399993
0.964399993
0.962199993
0.960399992
0.961599993
0.962599994
0.963199994
0.964199994
0.962599994
0.964599994
0.964999995
0.961199993
0.960599993
0.965799994
0.960999994
0.961999994
0.961599993
0.959599993
0.962799994
0.968599993
0.959999993
0.960799993
0.964599993
0.962599994
0.964399994
0.965799994
0.963799993
0.963999993
0.965799994
0.963199992
0.964199993
0.965199993
0.964599994
0.964399993
0.964799994
0.961599993
0.964999993
0.967599994
0.964199993
0.962199993
0.966199994
0.965199994
0.963999993
0.964399993
0.965799993
0.965199994
0.966999994
0.962799994
0.964199993
0.965199994
0.964599994
0.961199994
0.963999994
0.964999993
0.963799994
0.965399993
0.961399993
0.960999993
0.964999993
0.962999993
0.961199994
0.959799993
0.966999994
0.962999993
0.967399993
0.963399993
0.958999993
0.962599993
0.962199993
0.963599994
0.964599994
0.964599993
0.964199993
0.963999994
0.963599994
0.968799994
0.965799993
0.965199994
0.966999994
0.963399993
0.964399995
0.962399992
0.965999993
0.963799993
0.959799993
0.964399994
0.965999994
0.964199994
0.965599994
0.965199994
0.961799992
0.962599993
0.962799992
0.964199993
0.965599993
0.964599993
0.960599994
0.961799992
0.965199993
0.964999995
0.961399994
0.963799993
0.960599993
0.963799994
0.966599993
0.960599994
0.966399994
0.964399994
0.963399994
0.966199993
0.962199993
0.959599992
0.964199994
0.965999993
0.965399993
0.964399993
0.960599993
0.966199993
0.966399993
0.968399994
0.966399993
0.961199995
0.961799993
0.961199993
0.965199993
0.963199994
0.961999992
0.960799994
0.967199994
0.962199993
0.962399994
0.968199994
0.963199995
0.964399992
0.965599994
0.962999992
0.964599994
0.964799994
0.965599993
0.968199993
0.967799995
0.967199993
0.961199994
0.963199994
0.963999993
0.963399993
0.963399993
0.964999994
0.962199995
0.969199994
0.962199993
0.963799994
0.959199992
0.965599994
0.962799994
0.964399994
0.963799992
0.962199992
0.965399994
0.962399993
0.965199993
0.963199993
0.963399993
0.962999994
0.961399992
0.960399993
0.964199994
0.965799994
0.962599994
0.963599994
0.962799994
0.961599993
0.963199994
0.965599994
0.962199994
0.961399993
0.963399994
0.963799994
0.963799994
0.966799993
0.964199994
0.965999993
0.963199995
0.966599993
0.962399994
0.961999994
0.964999993
0.963799992
0.963999993
0.963999995
0.963799993
0.964199993
0.963599993
0.963999994
0.966599993
0.963399993
0.968199994
0.967199994
0.963199994
0.967799993
0.962799993
0.962599993
0.966199994
0.962999993
0.964399994
0.965999993
0.968799993
0.963799994
0.965399993
0.965799994
0.966599994
0.965399994
0.961599993
0.962399993
0.966599994
0.963799993
0.964799993
0.965799994
0.961599993
0.967399994
0.961199993
0.962199993
0.965199994
0.963999994
0.965599994
0.964799993
0.961599993
0.962199992
0.962399992
0.965199994
0.963799994
0.964799993
0.965799994
0.963799992
0.959999992
0.966399995
0.964199995
0.964599993
0.965199994
0.963599994
0.964799994
0.964999993
0.965199993
0.964799995
0.965199993
0.965399994
0.960799994
0.963999994
0.964199993
0.964599993
0.963599993
0.964399993
0.964199994
0.961799993
0.965599994
0.967399993
0.960199993
0.965999993
0.963599994
0.965199994
0.963199994
0.962199993
0.967199993
0.964199994
0.964599993
0.964399993
0.960399993
0.963799994
0.965199994
0.966399993
0.963999993
0.962399993
0.961999993
0.962999992
0.959999994
0.961799994
0.963799994
0.964399993
0.970199995
0.963399994
0.962799993
0.965599994
0.962599993
0.963199994
0.969999994
0.963399993
0.966799994
0.961199993
0.965999993
0.962599993
0.965799994
0.964799993
0.959999992
0.965199994
0.964399993
0.960799994
0.966199993
0.965399994
0.964999994
0.964199993
0.963799993
0.961799993
0.965199994
0.964799994
0.963199994
0.964999993
0.959999992
0.964199994
0.967199994
0.963199993
0.963799994
0.961799994
0.965799995
0.961599992
0.963599993
0.963999994
0.964199994
0.962599993
0.968199993
0.963399994
0.966199994
0.963599992
0.963999994
0.962799993
0.963199995
0.964199994
0.964599994
0.962999994
0.965999994
0.961999993
0.960999994
0.964799992
0.964399993
0.963999994
0.966199994
0.964399994
0.966399994
0.963399993
0.966199993
0.962599993
0.962399993
0.965199993
0.964399994
0.961799993
0.965799994
0.964799994
0.968399994
0.965999994
0.962599994
0.957999993
0.962199994
0.964799993
0.964599993
0.965599993
0.961199993
0.964799993
0.962999993
0.960199993
0.965999993
0.966199993
0.963799994
0.964399993
0.961999993
0.963599993
0.962799994
0.962399992
0.964399994
0.965799994
0.965999993
0.965799994
0.962999994
0.964199993
0.964599994
0.960599993
0.965799993
0.962599993
0.963599993
0.965199993
0.966199993
0.961399993
0.964799992
0.963799993
0.962799993
0.961999993
0.963399993
0.967399994
0.965399993
0.957399993
0.965399994
0.964799994
0.965199993
0.963399994
0.963399993
0.966199994
0.963799994
0.964999993
0.965599993
0.965599994
0.962399993
0.961999994
0.962199994
0.962799993
0.963199993
0.965199995
0.960999993
0.965599993
0.963599994
0.964799994
0.962599994
0.965999995
0.963599994
0.960599995
0.965599993
0.963999993
0.964599994
0.967799993
0.965799994
0.963799992
0.964799993
0.967399993
0.961199993
0.961199994
0.964799994
0.962599992
0.964999993
0.964799994
0.965799994
0.965199993
0.961399993
0.960799994
0.962599993
0.961799993
0.962599993
0.964199994
0.962199993
0.962799993
0.964999993
0.963199993
0.964399993
0.963399993
0.965599993
0.963199994
0.965599994
0.964799993
0.961799994
0.962799993
0.963599993
0.961599993
0.962399993
0.964599993
0.963199994
0.962399993
0.964199993
0.960199992
0.966199993
0.966199994
0.964999994
0.966399993
0.962999993
0.965599993
0.964799993
0.963799993
0.965199994
0.959599994
0.961199993
0.967399994
0.961399995
0.964799994
0.964399994
0.963399993
0.964799994
0.964399993
0.966599993
0.964799994
0.961599993
0.962599993
0.965199993
0.962999994
0.961199993
0.965999993
0.967199994
0.966199994
0.967999994
0.964199994
0.961599994
0.964799993
0.964799994
0.964599993
0.965999993
0.965799993
0.959999993
0.962599993
0.964399993
0.963199993
0.966399993
0.963199993
0.960799993
0.962199993
0.964799994
0.962799994
0.962399993
0.965399995
0.964399993
0.968399993
0.963599993
0.962799994
0.961399992
0.967599995
0.964799994
0.966199994
0.965399993
0.963599993
0.960799993
0.961399993
0.965399994
0.965399994
0.962599994
0.966199993
0.964599994
0.962999992
0.962799993
0.964199994
0.967799993
0.962799994
0.961399994
0.962999993
0.965799994
0.965399994
0.965999994
0.964799993
0.965799993
0.968799994
0.963399992
0.967799994
0.962599993
0.964799992
0.963199993
0.964999995
0.961799993
0.963999994
0.964999993
0.960599993
0.963599993
0.961999993
0.961999994
0.963199993
0.964599993
0.966599994
0.961999993
0.965599994
0.966199994
0.963799994
0.966399993
0.964599993
0.963999993
0.966599994
0.962599993
0.961799993
0.962799994
0.961599993
0.960599994
0.964799994
0.964399993
0.962199993
0.963599993
0.964599993
0.965799994
0.962599993
0.965599993
0.964599993
0.965999994
0.963799993
0.966199993
0.963399993
0.961199993
0.960799992
0.965599993
0.963199994
0.963599994
0.965599993
0.961799993
0.965599994
0.966799994
0.962199994
0.962599994
0.963799994
0.963799993
0.960999993
0.963799994
0.964399994
0.964999994
0.965399994
0.963599993
0.964399994
0.962799993
0.965199993
0.962999994
0.965199993
0.961199993
0.963399993
0.963399994
0.962799994
0.966999993
0.962599993
0.964799993
0.966599993
0.964199993
0.963399993
0.960199993
0.964399993
0.963599993
0.965399993
0.964799994
0.968199993
0.962799993
0.964399993
0.960999992
0.963599993
0.966399993
0.964799994
0.961799993
0.960799993
0.968599995
0.965799994
0.960799993
0.966399994
0.964399993
0.964799994
0.963799995
0.965799994
0.964399993
0.966199994
0.963599993
0.963199993
0.964399993
0.961999994
0.963799993
0.965799994
0.962599993
0.966599993
0.967999994
0.966799994
0.966199993
0.964599993
0.963599993
0.965999994
0.962399993
0.964399993
0.965599993
0.963799994
0.965399994
0.965199993
0.963999994
0.965199995
0.963999994
0.966599993
0.965999993
0.962399993
0.962399993
0.965599994
0.960199993
0.961199993
0.967799994
0.966199993
0.966999994
0.962799993
0.962599993
0.964599993
0.964199993
0.965399994
0.963599993
0.961199994
0.965399993
0.964399993
0.962599993
0.963799993
0.964799993
0.962399993
0.962999993
0.965599993
0.962599993
0.963199993
0.964399994
0.964799994
0.965399994
0.963399994
0.967399994
0.961599993
0.960599993
0.961399994
0.963799993
0.966799994
0.960799992
0.964599993
0.963599992
0.961999993
0.961999993
0.967399994
0.963199994
0.963999994
0.962999993
0.965199993
0.963599993
0.962599993
0.961599994
0.964999994
0.961999994
0.964199994
0.961599994
0.961199993
0.962399993
0.961799992
0.964199994
0.965399994
0.964399994
0.961199992
0.967399993
0.962999993
0.963999993
0.965599993
0.964799993
0.965399994
0.964199993
0.968399996
0.962799994
0.962999994
0.964999993
0.963799994
0.967599994
0.965799993
0.962999993
0.960799992
0.961399992
0.965599994
0.964799993
0.964599994
0.963799994
0.964999993
0.966799994
0.962199994
0.965599993
0.961999994
0.965399994
0.961399994
0.968599993
0.962199993
0.960199993
0.967399994
0.963999995
0.966399993
0.961399993
0.964599993
0.965999994
0.962599993
0.963399993
0.962199993
