0.4412
0.553200001
0.626400006
0.65259999
0.666000003
0.741800004
0.715599996
0.790799999
0.790400004
0.80800001
0.807400006
0.793599981
0.794400007
0.807799989
0.801800001
0.841399997
0.8162
0.793400002
0.820399994
0.829800004
0.821000004
0.801200002
0.7986
0.8472
0.842000002
0.864000005
0.827600002
0.836199999
0.851399994
0.840600008
0.832599998
0.854600006
0.844600004
0.854400003
0.85
0.851600009
0.85259999
0.870199996
0.834799993
0.823800004
0.831999999
0.873399997
0.847799999
0.840399998
0.826399994
0.85679999
0.834800005
0.846399999
0.824799997
0.839599991
0.847000003
0.865199995
0.853200001
0.852000004
0.868399996
0.872399998
0.868199986
0.865600002
0.85259999
0.857600003
0.833600003
0.860400009
0.874000007
0.840599996
0.852600002
0.846799994
0.871199995
0.827199996
0.793999994
0.854800004
0.836200005
0.875800002
0.844599998
0.866400003
0.867799997
0.860200006
0.839600003
0.869999999
0.859399998
0.861599994
0.868999988
0.829200006
0.910000002
0.917999995
0.917399991
0.920199996
0.921600002
0.9222
0.923400003
0.925400001
0.927399999
0.92560001
0.927399993
0.923000008
0.9264
0.920599997
0.927400005
0.923399997
0.926999992
0.926800001
0.92019999
0.922000003
0.916599995
0.920800006
0.9176
0.925400001
0.921999997
0.917999995
0.920600003
0.920599997
0.925999999
0.924199992
0.921399987
0.921800005
0.922599989
0.925199997
0.929399997
0.9236
0.924800003
0.921399993
0.924000001
0.918599999
0.924599999
0.926800001
0.927200001
0.932999998
0.928399998
0.928199995
0.926200002
0.931199992
0.9292
0.930199999
0.92759999
0.931599993
0.936799997
0.923000002
0.9292
0.93039999
0.930399996
0.925599992
0.932800001
0.928199995
0.931599998
0.926399994
